0!-1,-1,1,-1
56!-1,-1,11,-1
59!-1,-1,11,-1
69!-1,-1,4,-1
78!-1,-1,10,-1
81!-1,-1,11,-1
82!-1,-1,1,-1
132!-1,-1,11,-1
133!-1,-1,1,-1
171!-1,-1,5,-1
172!-1,-1,4,-1
198!-1,-1,5,-1
199!-1,-1,11,-1
211!-1,-1,3,-1
213!-1,-1,11,-1
215!-1,-1,5,-1
218!-1,-1,11,-1
225!-1,-1,5,-1
226!-1,-1,9,-1
227!-1,-1,1,-1
229!-1,-1,11,-1
232!-1,-1,7,-1
234!-1,-1,10,-1
237!-1,-1,1,-1
257!-1,-1,5,-1
259!-1,-1,9,-1
262!-1,-1,11,-1
263!-1,-1,10,-1
264!-1,-1,9,-1
266!-1,-1,7,-1
268!-1,-1,10,-1
271!-1,-1,11,-1
273!-1,-1,7,-1
275!-1,-1,10,-1
276!-1,-1,11,-1
277!-1,-1,5,-1
279!-1,-1,2,-1
280!-1,-1,5,-1
282!-1,-1,11,-1
283!-1,-1,9,-1
284!-1,-1,10,-1
285!-1,-1,11,-1
290!-1,-1,10,-1
291!-1,-1,7,-1
312!-1,-1,5,-1
315!-1,-1,7,-1
317!-1,-1,10,-1
318!-1,-1,5,-1
320!-1,-1,11,-1
322!-1,-1,10,-1
323!-1,-1,5,-1
325!-1,-1,11,-1
329!-1,-1,5,-1
330!-1,-1,7,-1
331!-1,-1,11,-1
333!-1,-1,11,-1
334!-1,-1,5,-1
335!-1,-1,7,-1
337!-1,-1,7,-1
339!-1,-1,5,-1
341!-1,-1,10,-1
343!-1,-1,11,-1
348!-1,-1,10,-1
350!-1,-1,11,-1
351!-1,-1,5,-1
353!-1,-1,7,-1
354!-1,-1,9,-1
355!-1,-1,5,-1
356!-1,-1,11,-1
357!-1,-1,10,-1
359!-1,-1,9,-1
360!-1,-1,7,-1
361!-1,-1,11,-1
364!-1,-1,7,-1
365!-1,-1,11,-1
369!-1,-1,10,-1
370!-1,-1,11,-1
374!-1,-1,5,-1
376!-1,-1,9,-1
377!-1,-1,11,-1
378!-1,-1,1,-1
379!-1,-1,9,-1
380!-1,-1,11,-1
386!-1,-1,5,-1
387!-1,-1,11,-1
389!-1,-1,9,-1
391!-1,-1,10,-1
392!-1,-1,5,-1
396!-1,-1,5,-1
400!-1,-1,11,-1
401!-1,-1,9,-1
403!-1,-1,11,-1
405!-1,-1,10,-1
409!-1,-1,9,-1
410!-1,-1,11,-1
414!-1,-1,6,-1
415!-1,-1,11,-1
433!-1,-1,2,-1
449!-1,-1,1,-1
451!-1,-1,10,-1
452!-1,-1,11,-1
455!-1,-1,10,-1
457!-1,-1,11,-1
458!-1,-1,6,-1
461!-1,-1,7,-1
463!-1,-1,9,-1
466!-1,-1,6,-1
471!-1,-1,11,-1
487!-1,-1,7,-1
490!-1,-1,11,-1
491!-1,-1,10,-1
492!-1,-1,11,-1
493!-1,-1,10,-1
494!-1,-1,5,-1
496!-1,-1,10,-1
499!-1,-1,7,-1
500!-1,-1,5,-1
502!-1,-1,9,-1
503!-1,-1,5,-1
512!-1,-1,11,-1
517!-1,-1,10,-1
523!-1,-1,5,-1
524!-1,-1,7,-1
526!-1,-1,5,-1
531!-1,-1,11,-1
534!-1,-1,5,-1
536!-1,-1,11,-1
537!-1,-1,7,-1
539!-1,-1,11,-1
542!-1,-1,6,-1
546!-1,-1,10,-1
548!-1,-1,9,-1
549!-1,-1,11,-1
550!-1,-1,1,-1
552!-1,-1,3,-1
556!-1,-1,11,-1
558!-1,-1,1,-1
559!-1,-1,11,-1
562!-1,-1,11,-1
565!-1,-1,11,-1
566!-1,-1,3,-1
568!-1,-1,6,-1
569!-1,-1,11,-1
574!-1,-1,9,-1
575!-1,-1,11,-1
578!-1,-1,5,-1
579!-1,-1,11,-1
580!-1,-1,6,-1
583!-1,-1,11,-1
585!-1,-1,6,-1
590!-1,-1,11,-1
591!-1,-1,5,-1
592!-1,-1,11,-1
593!-1,-1,6,-1
598!-1,-1,11,-1
599!-1,-1,7,-1
600!-1,-1,5,-1
601!-1,-1,11,-1
607!-1,-1,10,-1
609!-1,-1,5,-1
611!-1,-1,11,-1
612!-1,-1,5,-1
616!-1,-1,11,-1
618!-1,-1,7,-1
622!-1,-1,5,-1
623!-1,-1,11,-1
627!-1,-1,5,-1
628!-1,-1,10,-1
631!-1,-1,9,-1
632!-1,-1,11,-1
633!-1,-1,10,-1
645!-1,-1,11,-1
655!-1,-1,5,-1
656!-1,-1,11,-1
657!-1,-1,5,-1
658!-1,-1,7,-1
661!-1,-1,5,-1
662!-1,-1,10,-1
666!-1,-1,6,-1
667!-1,-1,7,-1
668!-1,-1,6,-1
671!-1,-1,7,-1
672!-1,-1,6,-1
673!-1,-1,10,-1
674!-1,-1,11,-1
676!-1,-1,7,-1
677!-1,-1,5,-1
679!-1,-1,7,-1
683!-1,-1,5,-1
684!-1,-1,11,-1
686!-1,-1,5,-1
688!-1,-1,11,-1
700!-1,-1,5,-1
702!-1,-1,11,-1
707!-1,-1,11,-1
718!-1,-1,11,-1
721!-1,-1,9,-1
722!-1,-1,11,-1
728!-1,-1,9,-1
729!-1,-1,5,-1
730!-1,-1,11,-1
732!-1,-1,7,-1
734!-1,-1,11,-1
736!-1,-1,5,-1
744!-1,-1,11,-1
745!-1,-1,5,-1
746!-1,-1,11,-1
748!-1,-1,11,-1
750!-1,-1,10,-1
753!-1,-1,10,-1
755!-1,-1,9,-1
759!-1,-1,11,-1
762!-1,-1,5,-1
763!-1,-1,11,-1
764!-1,-1,5,-1
765!-1,-1,9,-1
766!-1,-1,6,-1
767!-1,-1,9,-1
768!-1,-1,2,-1
769!-1,-1,11,-1
772!-1,-1,10,-1
773!-1,-1,5,-1
775!-1,-1,11,-1
776!-1,-1,5,-1
777!-1,-1,11,-1
778!-1,-1,5,-1
779!-1,-1,11,-1
780!-1,-1,6,-1
786!-1,-1,11,-1
790!-1,-1,5,-1
791!-1,-1,9,-1
792!-1,-1,10,-1
793!-1,-1,11,-1
794!-1,-1,5,-1
795!-1,-1,11,-1
796!-1,-1,5,-1
797!-1,-1,11,-1
805!-1,-1,10,-1
806!-1,-1,4,-1
807!-1,-1,5,-1
808!-1,-1,11,-1
810!-1,-1,5,-1
811!-1,-1,11,-1
813!-1,-1,9,-1
814!-1,-1,5,-1
815!-1,-1,11,-1
817!-1,-1,9,-1
818!-1,-1,11,-1
819!-1,-1,5,-1
821!-1,-1,11,-1
823!-1,-1,7,-1
824!-1,-1,9,-1
825!-1,-1,11,-1
834!-1,-1,10,-1
835!-1,-1,11,-1
837!-1,-1,10,-1
839!-1,-1,6,-1
843!-1,-1,11,-1
845!-1,-1,10,-1
846!-1,-1,6,-1
847!-1,-1,7,-1
848!-1,-1,5,-1
851!-1,-1,10,-1
852!-1,-1,5,-1
853!-1,-1,10,-1
855!-1,-1,11,-1
858!-1,-1,5,-1
859!-1,-1,11,-1
862!-1,-1,6,-1
864!-1,-1,11,-1
866!-1,-1,10,-1
867!-1,-1,5,-1
868!-1,-1,11,-1
869!-1,-1,7,-1
870!-1,-1,9,-1
871!-1,-1,10,-1
873!-1,-1,7,-1
874!-1,-1,11,-1
875!-1,-1,3,-1
876!-1,-1,11,-1
877!-1,-1,5,-1
880!-1,-1,9,-1
882!-1,-1,1,-1
883!-1,-1,9,-1
885!-1,-1,4,-1
889!-1,-1,11,-1
890!-1,-1,9,-1
891!-1,-1,5,-1
892!-1,-1,11,-1
893!-1,-1,7,-1
896!-1,-1,9,-1
897!-1,-1,10,-1
899!-1,-1,9,-1
902!-1,-1,11,-1
903!-1,-1,5,-1
905!-1,-1,10,-1
907!-1,-1,11,-1
909!-1,-1,6,-1
910!-1,-1,11,-1
911!-1,-1,5,-1
913!-1,-1,11,-1
917!-1,-1,5,-1
922!-1,-1,10,-1
927!-1,-1,9,-1
929!-1,-1,7,-1
930!-1,-1,9,-1
932!-1,-1,11,-1
933!-1,-1,4,-1
934!-1,-1,9,-1
935!-1,-1,7,-1
937!-1,-1,9,-1
939!-1,-1,11,-1
942!-1,-1,3,-1
