1!1,1,1,0
231!5,5,7,0
237!7,7,1,0
243!7,7,10,0
245!4,4,9,0
247!1,1,13,0
251!1,1,10,0
253!6,6,7,0
255!5,5,12,0
263!5,5,7,0
265!4,4,6,0
275!3,3,7,0
277!6,6,1,0
279!4,4,9,0
285!4,4,12,0
287!4,4,10,0
289!4,4,5,0
291!12,12,10,0
295!12,12,6,0
309!4,4,3,0
311!4,4,10,0
319!7,7,2,0
321!1,1,9,0
327!1,1,10,0
331!1,1,9,0
333!4,4,7,0
335!12,12,9,0
337!12,12,10,0
339!7,7,12,0
345!3,3,2,0
349!1,1,5,0
357!7,7,10,0
359!3,3,5,0
361!1,1,4,0
363!1,1,10,0
365!1,1,13,0
369!6,6,9,0
381!5,5,10,0
385!4,4,1,0
387!1,1,9,0
389!7,7,12,0
391!1,1,4,0
393!4,4,7,0
395!1,1,12,0
397!1,1,7,0
399!1,1,9,0
403!5,5,10,0
405!12,12,5,0
407!3,3,7,0
411!4,4,10,0
413!2,2,9,0
421!7,7,3,0
423!1,1,11,0
425!1,1,14,0
433!3,3,10,0
439!6,6,12,0
441!6,6,5,0
443!7,7,1,0
447!7,7,11,0
449!7,7,5,0
451!4,4,7,0
453!4,4,1,0
457!11,11,10,0
459!1,1,14,0
463!11,11,10,0
465!12,12,14,0
467!2,2,7,0
475!1,1,10,0
477!4,4,12,0
479!7,7,9,0
481!1,1,11,0
483!11,11,10,0
491!12,12,9,0
495!7,7,1,0
497!1,1,10,0
499!11,11,14,0
501!3,3,10,0
503!4,4,5,0
509!11,11,3,0
511!3,3,7,0
513!3,3,4,0
527!7,7,7,0
529!5,5,1,0
539!4,4,13,0
545!1,1,10,0
547!1,1,11,0
551!1,1,7,0
555!12,12,8,0
557!4,4,11,0
559!4,4,5,0
561!7,7,2,0
563!1,1,7,0
565!1,1,1,0
567!12,12,7,0
573!12,12,10,0
577!1,1,1,0
579!4,4,7,0
581!1,1,11,0
583!2,2,6,0
585!11,11,9,0
587!1,1,11,0
591!1,1,8,0
595!6,6,7,0
597!6,6,5,0
605!5,5,1,0
607!6,6,7,0
611!2,2,6,0
615!5,5,12,0
617!7,7,10,0
621!12,12,14,0
625!4,4,7,0
627!1,1,1,0
629!7,7,9,0
631!5,5,7,0
635!4,4,10,0
637!6,6,11,0
641!4,4,9,0
647!11,11,10,0
649!1,1,7,0
653!1,1,10,0
655!2,2,9,0
659!3,3,10,0
661!1,1,9,0
663!3,3,5,0
667!6,6,7,0
669!7,7,8,0
671!12,12,11,0
673!12,12,8,0
679!12,12,12,0
681!6,6,5,0
687!1,1,11,0
695!12,12,7,0
699!6,6,8,0
701!3,3,13,0
705!3,3,4,0
707!4,4,7,0
709!4,4,13,0
713!11,11,7,0
725!4,4,10,0
727!4,4,7,0
733!2,2,10,0
737!3,3,9,0
739!3,3,10,0
741!12,12,11,0
743!7,7,5,0
745!11,11,10,0
753!11,11,11,0
759!2,2,8,0
761!12,12,10,0
763!3,3,14,0
773!4,4,1,0
775!7,7,10,0
781!6,6,7,0
783!1,1,10,0
785!1,1,9,0
787!7,7,1,0
789!12,12,7,0
797!2,2,10,0
805!1,1,5,0
807!7,7,7,0
811!7,7,8,0
813!2,2,12,0
815!7,7,10,0
817!12,12,11,0
821!11,11,7,0
823!12,12,6,0
847!1,1,1,0
851!12,12,11,0
853!7,7,1,0
1069!7,7,1,0
1071!4,4,12,0
1073!3,3,7,0
1079!11,11,10,0
1081!1,1,7,0
1083!4,4,14,0
1089!5,5,12,0
1091!11,11,5,0
1093!4,4,10,0
1095!11,11,13,0
1107!1,1,1,0
1109!3,3,9,0
1111!4,4,12,0
1113!7,7,9,0
1115!11,11,10,0
1117!1,1,12,0
1121!12,12,9,0
1123!1,1,2,0
1125!1,1,5,0
1131!7,7,11,0
1135!1,1,5,0
1141!1,1,10,0
1151!11,11,7,0
1157!7,7,9,0
1159!1,1,8,0
1161!12,12,9,0
1169!4,4,10,0
1171!1,1,9,0
1173!1,1,10,0
1179!4,4,13,0
1183!7,7,10,0
1185!1,1,9,0
1189!6,6,11,0
1197!1,1,7,0
1209!5,5,11,0
1211!12,12,5,0
1213!2,2,7,0
1215!7,7,1,0
1217!6,6,11,0
1219!1,1,5,0
1221!6,6,2,0
1223!1,1,10,0
1229!1,1,6,0
1231!5,5,1,0
1233!2,2,10,0
1235!7,7,8,0
1237!4,4,10,0
1239!11,11,5,0
1241!7,7,10,0
1247!1,1,9,0
1249!1,1,10,0
1253!1,1,1,0
1255!7,7,11,0
1257!7,7,2,0
1259!1,1,10,0
1267!1,1,9,0
1279!4,4,11,0
1281!4,4,1,0
1285!6,6,10,0
1287!4,4,9,0
1291!4,4,5,0
1293!6,6,12,0
1295!12,12,9,0
1299!1,1,10,0
1301!12,12,7,0
1303!11,11,10,0
1305!3,3,6,0
1309!12,12,10,0
1313!12,12,13,0
1319!6,6,10,0
1321!1,1,14,0
1323!7,7,7,0
1329!11,11,10,0
1331!6,6,13,0
1343!7,7,2,0
1367!5,5,7,0
1369!1,1,10,0
1375!3,3,11,0
1377!4,4,10,0
1381!2,2,12,0
1383!11,11,7,0
1385!7,7,10,0
1391!7,7,5,0
1393!1,1,11,0
1395!1,1,10,0
1397!5,5,5,0
1399!1,1,10,0
1401!1,1,6,0
1403!2,2,10,0
1405!7,7,12,0
1409!4,4,5,0
1411!1,1,9,0
1415!3,3,10,0
1417!5,5,8,0
1419!12,12,10,0
1421!4,4,12,0
1423!7,7,10,0
1425!7,7,14,0
1429!7,7,5,0
1431!1,1,10,0
1433!3,3,11,0
1437!3,3,10,0
1439!11,11,11,0
1445!11,11,7,0
1447!6,6,8,0
1449!4,4,7,0
1451!1,1,11,0
1453!5,5,9,0
1455!11,11,7,0
1457!1,1,9,0
1461!1,1,1,0
1463!1,1,10,0
1465!1,1,9,0
1477!1,1,10,0
1479!6,6,7,0
1483!2,2,10,0
1485!7,7,9,0
1491!5,5,10,0
1493!4,4,5,0
1497!12,12,7,0
1499!12,12,5,0
1501!5,5,11,0
1505!12,12,10,0
1507!1,1,11,0
1513!11,11,5,0
1515!2,2,11,0
1523!7,7,4,0
1525!7,7,10,0
1527!1,1,7,0
1529!6,6,10,0
1535!4,4,7,0
1537!3,3,5,0
1539!5,5,10,0
1543!2,2,7,0
1545!2,2,5,0
1553!4,4,7,0
1555!12,12,10,0
1557!11,11,9,0
1559!4,4,11,0
1561!7,7,5,0
1563!12,12,10,0
1565!1,1,3,0
1567!7,7,9,0
1569!11,11,7,0
1571!3,3,5,0
1573!7,7,11,0
1575!11,11,10,0
1577!4,4,7,0
1581!11,11,14,0
1583!6,6,10,0
1591!5,5,8,0
1593!7,7,7,0
1595!2,2,5,0
1597!4,4,10,0
1599!5,5,7,0
1601!4,4,8,0
1603!4,4,4,0
1605!12,12,10,0
1607!1,1,7,0
1609!6,6,3,0
1611!7,7,14,0
1615!4,4,10,0
1617!3,3,9,0
1619!1,1,11,0
1625!11,11,5,0
1629!2,2,2,0
1631!5,5,10,0
1639!11,11,7,0
1641!7,7,11,0
1645!3,3,5,0
1649!7,7,12,0
1651!1,1,8,0
1653!7,7,13,0
1655!3,3,10,0
1657!1,1,6,0
1659!1,1,11,0
1661!1,1,5,0
1681!7,7,11,0
1685!6,6,1,0
1913!7,7,7,0
1915!2,2,10,0
1919!4,4,11,0
1921!1,1,10,0
1923!7,7,11,0
1925!7,7,7,0
1929!11,11,8,0
1943!1,1,13,0
1945!4,4,5,0
1947!2,2,7,0
1949!3,3,5,0
1953!1,1,10,0
1955!1,1,7,0
1961!1,1,11,0
1963!3,3,10,0
1965!1,1,9,0
1969!2,2,11,0
1975!1,1,7,0
1977!11,11,9,0
1981!2,2,7,0
1997!4,4,1,0
1999!1,1,11,0
2001!1,1,10,0
2003!2,2,2,0
2005!4,4,10,0
2007!12,12,7,0
2021!4,4,10,0
2023!7,7,12,0
2027!1,1,10,0
2031!2,2,3,0
2035!2,2,8,0
2043!2,2,7,0
2051!7,7,10,0
2053!1,1,7,0
2055!7,7,8,0
2059!4,4,9,0
2063!1,1,7,0
2067!5,5,11,0
2099!4,4,1,0
2117!11,11,6,0
2121!7,7,10,0
2123!7,7,7,0
2125!11,11,10,0
2127!4,4,5,0
2129!1,1,1,0
2131!3,3,11,0
2133!3,3,5,0
2137!11,11,13,0
2139!2,2,8,0
2141!4,4,7,0
2143!11,11,6,0
2145!4,4,12,0
2147!7,7,10,0
2149!11,11,2,0
2151!5,5,10,0
2153!12,12,7,0
2155!11,11,6,0
2157!5,5,7,0
2159!3,3,10,0
2161!11,11,7,0
2163!4,4,9,0
2165!1,1,7,0
2167!3,3,6,0
2169!4,4,13,0
2171!6,6,7,0
2173!2,2,9,0
2175!1,1,11,0
2179!4,4,6,0
2181!2,2,12,0
2183!1,1,6,0
2191!4,4,10,0
2193!1,1,13,0
2195!1,1,10,0
2197!12,12,7,0
2201!7,7,11,0
2205!7,7,3,0
2209!6,6,9,0
2213!5,5,10,0
2215!1,1,7,0
2217!3,3,1,0
2219!7,7,7,0
2223!12,12,9,0
2225!3,3,13,0
2227!1,1,2,0
2229!5,5,9,0
2233!4,4,10,0
2237!1,1,7,0
2239!1,1,8,0
2241!11,11,9,0
2251!5,5,5,0
2255!12,12,7,0
2257!1,1,5,0
2259!1,1,10,0
2261!1,1,8,0
2265!11,11,11,0
2273!6,6,14,0
2275!5,5,13,0
2283!12,12,7,0
2287!7,7,8,0
2289!1,1,11,0
2293!1,1,4,0
2295!11,11,10,0
2297!5,5,13,0
2301!1,1,7,0
2303!7,7,14,0
2305!5,5,7,0
2313!7,7,9,0
2315!5,5,7,0
2317!1,1,14,0
2319!2,2,10,0
2325!1,1,5,0
2327!4,4,10,0
2331!2,2,6,0
2333!11,11,10,0
2341!1,1,12,0
2349!1,1,1,0
2351!1,1,10,0
2353!12,12,14,0
2359!7,7,4,0
2363!1,1,10,0
2367!4,4,9,0
2369!7,7,10,0
2371!6,6,7,0
2377!1,1,10,0
2379!2,2,7,0
2381!4,4,10,0
2385!7,7,9,0
2387!12,12,10,0
2389!4,4,9,0
2393!11,11,6,0
2395!1,1,7,0
2397!4,4,10,0
2399!4,4,6,0
2401!4,4,1,0
2403!1,1,14,0
2405!1,1,11,0
2409!12,12,6,0
2437!2,2,11,0
2445!5,5,4,0
