1!1,1,1,0
245!5,5,9,0
247!7,7,13,0
251!7,7,10,0
253!4,4,7,0
255!1,1,13,0
257!1,1,14,0
261!6,6,13,0
263!5,5,7,0
265!5,5,6,0
273!4,4,12,0
275!3,3,7,0
279!6,6,9,0
283!4,4,9,0
289!4,4,2,0
291!4,4,10,0
293!4,4,9,0
295!12,12,12,0
297!12,12,6,0
301!4,4,3,0
303!4,4,5,0
309!7,7,10,0
317!1,1,10,0
321!1,1,14,0
329!1,1,10,0
331!4,4,9,0
333!12,12,7,0
335!12,12,9,0
337!7,7,12,0
349!3,3,5,0
353!1,1,11,0
355!7,7,10,0
359!3,3,5,0
363!1,1,14,0
365!1,1,11,0
369!1,1,9,0
377!6,6,10,0
379!5,5,14,0
387!4,4,9,0
389!1,1,11,0
393!7,7,6,0
395!1,1,14,0
403!4,4,10,0
405!1,1,6,0
407!1,1,9,0
423!1,1,11,0
425!5,5,9,0
427!12,12,10,0
435!3,3,9,0
439!4,4,1,0
441!2,2,6,0
443!7,7,3,0
449!1,1,11,0
457!1,1,10,0
463!3,3,9,0
465!6,6,7,0
471!6,6,10,0
473!7,7,9,0
479!7,7,9,0
483!7,7,10,0
485!4,4,13,0
493!4,4,9,0
501!11,11,6,0
507!1,1,7,0
511!11,11,9,0
515!12,12,14,0
525!2,2,7,0
537!1,1,5,0
541!4,4,12,0
543!7,7,10,0
547!1,1,11,0
551!11,11,7,0
555!12,12,8,0
557!7,7,12,0
563!1,1,10,0
567!11,11,7,0
569!3,3,9,0
575!4,4,10,0
581!11,11,9,0
583!3,3,12,0
585!3,3,14,0
587!7,7,13,0
593!5,5,10,0
595!4,4,7,0
597!1,1,5,0
599!1,1,11,0
607!1,1,9,0
609!12,12,13,0
613!4,4,9,0
615!4,4,11,0
619!7,7,14,0
627!1,1,10,0
631!1,1,10,0
635!12,12,9,0
637!12,12,11,0
639!1,1,9,0
645!4,4,7,0
649!1,1,10,0
655!2,2,9,0
663!11,11,7,0
669!1,1,5,0
671!1,1,10,0
673!6,6,7,0
675!6,6,11,0
685!5,5,10,0
687!6,6,12,0
695!2,2,7,0
699!5,5,6,0
701!7,7,11,0
707!12,12,10,0
709!4,4,11,0
711!1,1,7,0
717!7,7,7,0
725!5,5,9,0
727!4,4,7,0
729!6,6,9,0
731!4,4,7,0
733!11,11,10,0
735!1,1,14,0
737!1,1,5,0
739!2,2,10,0
741!3,3,11,0
747!1,1,10,0
753!3,3,11,0
759!6,6,7,0
761!7,7,10,0
763!12,12,9,0
769!12,12,10,0
775!12,12,10,0
781!6,6,7,0
783!1,1,11,0
785!12,12,14,0
789!6,6,10,0
797!3,3,10,0
801!3,3,14,0
805!4,4,7,0
809!4,4,10,0
811!11,11,8,0
813!4,4,11,0
815!4,4,9,0
817!2,2,12,0
821!3,3,5,0
823!3,3,14,0
827!12,12,5,0
841!7,7,7,0
843!11,11,8,0
847!11,11,11,0
853!2,2,1,0
1059!12,12,10,0
1069!3,3,14,0
1075!4,4,12,0
1077!7,7,10,0
1079!6,6,9,0
1087!1,1,10,0
1089!1,1,13,0
1091!7,7,5,0
1093!12,12,11,0
1109!2,2,10,0
1115!1,1,10,0
1117!7,7,11,0
1121!7,7,9,0
1125!2,2,12,0
1127!7,7,1,0
1131!12,12,11,0
1141!11,11,10,0
1145!12,12,9,0
1151!1,1,1,0
1153!12,12,14,0
1155!7,7,7,0
1157!7,7,9,0
1159!4,4,12,0
1163!3,3,14,0
1169!11,11,10,0
1171!1,1,9,0
1175!4,4,14,0
1179!5,5,10,0
1183!11,11,10,0
1185!4,4,9,0
1191!11,11,13,0
1197!1,1,11,0
1199!3,3,7,0
1209!4,4,12,0
1217!7,7,11,0
1221!11,11,9,0
1227!1,1,12,0
1233!12,12,9,0
1235!1,1,6,0
1237!1,1,9,0
1239!7,7,5,0
1241!1,1,9,0
1251!1,1,10,0
1259!11,11,10,0
1265!7,7,9,0
1283!1,1,8,0
1285!12,12,10,0
1291!4,4,11,0
1295!1,1,9,0
1301!1,1,5,0
1303!4,4,9,0
1305!7,7,11,0
1309!1,1,9,0
1311!6,6,10,0
1313!1,1,13,0
1321!5,5,9,0
1323!12,12,7,0
1325!2,2,5,0
1327!7,7,10,0
1331!6,6,11,0
1341!1,1,14,0
1345!6,6,7,0
1347!1,1,10,0
1349!1,1,7,0
1355!5,5,1,0
1367!2,2,7,0
1369!7,7,10,0
1375!4,4,12,0
1379!11,11,10,0
1381!7,7,11,0
1383!1,1,7,0
1385!1,1,10,0
1391!1,1,13,0
1395!7,7,10,0
1397!7,7,8,0
1399!1,1,10,0
1401!1,1,11,0
1403!4,4,10,0
1407!4,4,11,0
1411!6,6,9,0
1413!4,4,10,0
1415!4,4,9,0
1417!6,6,12,0
1421!12,12,13,0
1423!1,1,10,0
1425!12,12,9,0
1429!11,11,5,0
1431!3,3,14,0
1433!12,12,11,0
1437!12,12,9,0
1439!6,6,11,0
1447!1,1,11,0
1449!7,7,7,0
1451!11,11,11,0
1453!6,6,14,0
1457!7,7,7,0
1461!5,5,10,0
1465!1,1,10,0
1467!3,3,9,0
1471!4,4,11,0
1473!2,2,9,0
1477!11,11,10,0
1483!7,7,10,0
1485!7,7,9,0
1493!1,1,5,0
1495!1,1,7,0
1499!5,5,11,0
1501!1,1,10,0
1503!1,1,12,0
1505!2,2,10,0
1507!7,7,12,0
1515!4,4,10,0
1517!1,1,12,0
1521!3,3,10,0
1525!5,5,13,0
1527!12,12,10,0
1535!4,4,7,0
1537!7,7,11,0
1539!7,7,14,0
1541!7,7,10,0
1543!1,1,11,0
1547!3,3,5,0
1553!3,3,10,0
1555!11,11,11,0
1557!11,11,14,0
1559!6,6,13,0
1561!4,4,5,0
1565!1,1,11,0
1569!5,5,8,0
1571!11,11,11,0
1575!1,1,10,0
1577!1,1,7,0
1579!1,1,14,0
1583!1,1,10,0
1587!1,1,13,0
1591!6,6,11,0
1593!2,2,9,0
1595!7,7,13,0
1597!5,5,9,0
1599!4,4,7,0
1601!12,12,10,0
1607!12,12,7,0
1609!5,5,14,0
1619!12,12,12,0
1627!1,1,10,0
1629!11,11,9,0
1635!2,2,10,0
1637!7,7,14,0
1639!7,7,10,0
1641!1,1,11,0
1645!6,6,5,0
1649!4,4,11,0
1655!3,3,10,0
1657!5,5,5,0
1659!2,2,12,0
1663!2,2,5,0
1667!4,4,13,0
1669!12,12,8,0
1671!11,11,11,0
1673!4,4,5,0
1677!7,7,11,0
1685!12,12,1,0
1913!1,1,7,0
1915!7,7,10,0
1919!11,11,11,0
1925!3,3,10,0
1931!7,7,11,0
1945!11,11,8,0
1949!4,4,5,0
1951!11,11,11,0
1955!6,6,10,0
1961!5,5,13,0
1963!7,7,9,0
1967!2,2,11,0
1977!4,4,9,0
1981!5,5,7,0
1985!4,4,10,0
1989!4,4,7,0
1995!12,12,10,0
1997!1,1,11,0
2005!6,6,9,0
2007!7,7,7,0
2015!4,4,10,0
2019!3,3,7,0
2023!1,1,9,0
2025!11,11,10,0
2035!2,2,6,0
2041!5,5,7,0
2045!11,11,5,0
2047!7,7,7,0
2051!3,3,10,0
2053!7,7,12,0
2055!1,1,10,0
2057!7,7,8,0
2059!3,3,7,0
2061!1,1,10,0
2063!1,1,7,0
2067!1,1,11,0
2089!7,7,11,0
2101!6,6,1,0
2113!7,7,5,0
2117!2,2,8,0
2125!4,4,7,0
2129!1,1,9,0
2131!7,7,11,0
2133!7,7,10,0
2135!11,11,13,0
2139!1,1,7,0
2143!4,4,5,0
2145!2,2,11,0
2151!3,3,10,0
2153!1,1,7,0
2155!1,1,5,0
2157!1,1,14,0
2169!3,3,11,0
2173!1,1,9,0
2175!2,2,11,0
2179!1,1,5,0
2181!11,11,11,0
2183!2,2,5,0
2187!4,4,1,0
2189!1,1,5,0
2191!1,1,10,0
2193!2,2,12,0
2195!4,4,7,0
2201!12,12,13,0
2209!4,4,9,0
2215!7,7,7,0
2219!1,1,10,0
2225!2,2,11,0
2229!2,2,9,0
2233!2,2,10,0
2239!7,7,7,0
2241!1,1,9,0
2251!7,7,8,0
2253!4,4,7,0
2259!1,1,10,0
2261!5,5,11,0
2263!4,4,10,0
2265!11,11,12,0
2271!7,7,9,0
2275!7,7,11,0
2283!11,11,7,0
2285!4,4,9,0
2287!1,1,8,0
2289!3,3,11,0
2295!3,3,10,0
2297!11,11,13,0
2301!2,2,7,0
2305!4,4,7,0
2313!11,11,9,0
2315!4,4,12,0
2317!7,7,9,0
2319!11,11,8,0
2321!5,5,10,0
2323!12,12,9,0
2325!11,11,6,0
2327!5,5,10,0
2329!3,3,13,0
2335!11,11,10,0
2337!4,4,9,0
2339!1,1,10,0
2341!3,3,12,0
2351!4,4,14,0
2357!6,6,10,0
2361!2,2,7,0
2363!1,1,10,0
2369!4,4,14,0
2371!2,2,6,0
2373!1,1,14,0
2379!4,4,7,0
2381!1,1,10,0
2385!1,1,14,0
2387!12,12,10,0
2389!7,7,9,0
2393!7,7,5,0
2395!6,6,7,0
2399!5,5,13,0
2403!1,1,14,0
2405!3,3,11,0
2409!7,7,5,0
2411!12,12,11,0
2413!3,3,8,0
2417!1,1,11,0
2419!5,5,8,0
2421!4,4,11,0
2425!1,1,6,0
2433!1,1,13,0
2443!11,11,1,0
