1!1,1,1,0
245!5,5,9,0
247!7,7,13,0
251!7,7,10,0
253!4,4,7,0
255!1,1,13,0
257!1,1,14,0
261!6,6,13,0
263!5,5,7,0
265!5,5,6,0
273!4,4,12,0
275!3,3,7,0
277!6,6,1,0
279!4,4,9,0
281!4,4,2,0
283!4,4,9,0
289!4,4,3,0
291!12,12,10,0
293!12,12,14,0
295!4,4,11,0
297!4,4,5,0
301!7,7,2,0
303!1,1,8,0
307!1,1,4,0
309!1,1,10,0
315!4,4,1,0
317!12,12,10,0
319!12,12,1,0
321!7,7,9,0
327!3,3,2,0
329!1,1,10,0
331!7,7,9,0
333!3,3,7,0
335!1,1,14,0
337!1,1,11,0
345!1,1,3,0
349!6,6,8,0
353!5,5,11,0
355!4,4,10,0
357!1,1,1,0
359!7,7,6,0
361!1,1,4,0
363!4,4,9,0
365!1,1,12,0
369!1,1,9,0
377!1,1,10,0
379!5,5,9,0
381!12,12,1,0
387!3,3,9,0
389!4,4,11,0
391!2,2,1,0
393!7,7,8,0
395!1,1,14,0
401!1,1,2,0
403!3,3,10,0
405!6,6,6,0
407!6,6,9,0
419!7,7,1,0
423!7,7,11,0
425!7,7,9,0
427!4,4,10,0
435!4,4,9,0
439!11,11,1,0
441!1,1,8,0
443!11,11,3,0
449!12,12,13,0
451!2,2,3,0
457!1,1,10,0
463!4,4,9,0
465!7,7,7,0
471!1,1,10,0
473!11,11,14,0
477!12,12,3,0
479!7,7,9,0
481!1,1,3,0
483!11,11,10,0
485!3,3,12,0
487!4,4,1,0
493!11,11,9,0
501!3,3,6,0
507!3,3,7,0
509!7,7,2,0
511!5,5,9,0
513!4,4,3,0
515!1,1,14,0
525!1,1,7,0
527!1,1,1,0
537!12,12,8,0
541!4,4,11,0
543!4,4,10,0
547!7,7,11,0
551!1,1,7,0
555!1,1,5,0
557!12,12,11,0
561!12,12,1,0
563!1,1,10,0
567!4,4,7,0
569!1,1,9,0
575!2,2,10,0
577!11,11,3,0
581!1,1,14,0
583!1,1,13,0
585!6,6,14,0
587!6,6,11,0
593!5,5,10,0
595!6,6,7,0
597!2,2,6,0
599!5,5,12,0
607!7,7,14,0
609!12,12,12,0
613!4,4,9,0
615!1,1,12,0
617!7,7,3,0
619!5,5,9,0
627!4,4,10,0
629!6,6,1,0
631!4,4,10,0
635!11,11,9,0
637!1,1,13,0
639!1,1,14,0
645!2,2,7,0
649!3,3,10,0
655!1,1,9,0
663!3,3,7,0
669!6,6,6,0
671!7,7,10,0
673!12,12,7,0
675!12,12,13,0
683!12,12,2,0
685!6,6,10,0
687!1,1,11,0
695!12,12,7,0
699!6,6,8,0
701!3,3,13,0
705!3,3,4,0
707!4,4,10,0
709!4,4,13,0
711!11,11,7,0
715!4,4,1,0
717!4,4,7,0
723!2,2,1,0
725!3,3,9,0
727!3,3,7,0
729!12,12,9,0
731!7,7,7,0
733!11,11,10,0
735!11,11,14,0
737!2,2,8,0
739!12,12,10,0
741!3,3,13,0
743!4,4,1,0
747!7,7,10,0
753!6,6,13,0
759!1,1,7,0
761!1,1,10,0
763!7,7,9,0
769!12,12,10,0
773!2,2,3,0
775!1,1,10,0
779!7,7,3,0
781!7,7,7,0
783!2,2,12,0
785!7,7,9,0
789!12,12,10,0
795!11,11,3,0
797!12,12,10,0
801!1,1,9,0
805!12,12,7,0
809!7,7,10,0
811!7,7,6,0
813!4,4,12,0
815!3,3,14,0
817!11,11,11,0
821!1,1,8,0
823!4,4,14,0
827!5,5,6,0
841!11,11,7,0
843!4,4,5,0
847!11,11,13,0
853!1,1,1,0
1059!3,3,10,0
1061!4,4,1,0
1069!7,7,9,0
1075!11,11,13,0
1077!1,1,10,0
1079!12,12,9,0
1087!1,1,10,0
1089!1,1,11,0
1091!7,7,5,0
1093!1,1,11,0
1105!1,1,2,0
1109!11,11,10,0
1111!7,7,1,0
1115!1,1,10,0
1117!12,12,13,0
1121!4,4,14,0
1125!1,1,11,0
1127!1,1,1,0
1131!4,4,13,0
1137!7,7,2,0
1141!1,1,10,0
1145!6,6,9,0
1151!1,1,3,0
1153!5,5,9,0
1155!12,12,7,0
1157!2,2,9,0
1159!7,7,11,0
1161!6,6,2,0
1163!1,1,14,0
1169!6,6,10,0
1171!1,1,9,0
1173!1,1,1,0
1175!5,5,9,0
1179!2,2,10,0
1181!7,7,1,0
1183!4,4,10,0
1185!11,11,9,0
1189!7,7,1,0
1191!1,1,12,0
1195!1,1,3,0
1197!1,1,13,0
1199!7,7,7,0
1209!7,7,13,0
1211!1,1,1,0
1217!1,1,11,0
1221!4,4,9,0
1227!4,4,11,0
1231!6,6,1,0
1233!4,4,9,0
1235!4,4,5,0
1237!6,6,14,0
1239!12,12,8,0
1241!1,1,9,0
1249!12,12,1,0
1251!11,11,10,0
1253!3,3,4,0
1259!12,12,10,0
1265!12,12,9,0
1281!6,6,1,0
1283!1,1,5,0
1285!7,7,10,0
1291!11,11,11,0
1293!6,6,4,0
1295!7,7,14,0
1299!5,5,2,0
1301!1,1,5,0
1303!3,3,9,0
1305!4,4,11,0
1309!2,2,9,0
1311!11,11,10,0
1313!7,7,12,0
1319!7,7,1,0
1321!1,1,14,0
1323!1,1,7,0
1325!5,5,5,0
1327!1,1,10,0
1331!1,1,12,0
1339!2,2,1,0
1341!7,7,9,0
1343!4,4,4,0
1345!1,1,7,0
1347!3,3,10,0
1349!5,5,7,0
1355!12,12,1,0
1367!4,4,7,0
1369!7,7,10,0
1375!7,7,12,0
1377!7,7,1,0
1379!1,1,10,0
1381!3,3,11,0
1383!3,3,7,0
1385!11,11,10,0
1391!11,11,11,0
1395!6,6,10,0
1397!4,4,5,0
1399!1,1,10,0
1401!5,5,13,0
1403!11,11,10,0
1407!1,1,12,0
1409!1,1,1,0
1411!1,1,14,0
1413!1,1,10,0
1415!1,1,14,0
1417!6,6,11,0
1419!2,2,1,0
1421!7,7,13,0
1423!5,5,10,0
1425!4,4,9,0
1429!12,12,5,0
1431!12,12,14,0
1433!5,5,11,0
1437!12,12,9,0
1439!1,1,11,0
1445!11,11,1,0
1447!2,2,11,0
1449!7,7,7,0
1451!7,7,11,0
1453!1,1,14,0
1457!6,6,7,0
1461!4,4,10,0
1463!3,3,1,0
1465!5,5,10,0
1467!2,2,9,0
1471!2,2,11,0
1473!4,4,9,0
1475!12,12,1,0
1477!11,11,10,0
1481!4,4,1,0
1483!7,7,10,0
1485!12,12,9,0
1491!1,1,3,0
1493!7,7,5,0
1495!11,11,7,0
1499!3,3,11,0
1501!7,7,10,0
1503!11,11,13,0
1505!4,4,10,0
1507!11,11,11,0
1513!6,6,3,0
1515!5,5,10,0
1517!7,7,13,0
1521!2,2,10,0
1525!4,4,11,0
1527!5,5,10,0
1535!4,4,7,0
1537!4,4,12,0
1539!12,12,9,0
1541!1,1,10,0
1543!6,6,13,0
1547!7,7,8,0
1553!4,4,10,0
1555!3,3,13,0
1557!1,1,9,0
1559!11,11,11,0
1561!2,2,6,0
1563!5,5,1,0
1565!11,11,11,0
1567!7,7,2,0
1569!3,3,5,0
1571!7,7,12,0
1575!1,1,10,0
1577!7,7,7,0
1579!3,3,9,0
1581!1,1,3,0
1583!1,1,10,0
1587!1,1,11,0
1589!7,7,2,0
1591!6,6,11,0
1593!7,7,9,0
1595!2,2,13,0
1597!4,4,9,0
1599!1,1,7,0
1601!7,7,10,0
1607!7,7,7,0
1609!11,11,14,0
1619!1,1,13,0
1621!4,4,3,0
1627!2,2,10,0
1629!3,3,9,0
1635!1,1,10,0
1637!1,1,14,0
1639!1,1,10,0
1641!3,3,11,0
1645!1,1,5,0
1649!2,2,11,0
1653!1,1,3,0
1655!11,11,10,0
1657!2,2,5,0
1659!4,4,11,0
1663!1,1,5,0
1667!1,1,12,0
1669!2,2,6,0
1671!4,4,13,0
1673!12,12,8,0
1677!4,4,12,0
1685!7,7,1,0
1913!1,1,7,0
1915!2,2,10,0
1917!2,2,1,0
1919!2,2,12,0
1925!7,7,10,0
1931!1,1,11,0
1945!7,7,8,0
1947!4,4,1,0
1949!1,1,8,0
1951!5,5,11,0
1953!4,4,1,0
1955!11,11,10,0
1959!7,7,1,0
1961!7,7,11,0
1963!11,11,14,0
1967!4,4,11,0
1975!1,1,1,0
1977!3,3,9,0
1981!3,3,7,0
1985!11,11,10,0
1987!2,2,1,0
1989!4,4,7,0
1995!11,11,10,0
1997!4,4,12,0
2001!7,7,1,0
2005!11,11,14,0
2007!5,5,7,0
2015!12,12,10,0
2017!11,11,1,0
2019!5,5,7,0
2021!3,3,1,0
2023!11,11,14,0
2025!4,4,10,0
2031!1,1,1,0
2035!3,3,6,0
2039!4,4,2,0
2041!6,6,7,0
2045!2,2,5,0
2047!1,1,7,0
2051!4,4,10,0
2053!2,2,12,0
2055!1,1,10,0
2057!4,4,5,0
2059!1,1,7,0
2061!1,1,10,0
2063!12,12,7,0
2065!7,7,1,0
2067!7,7,11,0
2081!6,6,1,0
2089!5,5,13,0
2101!1,1,2,0
2113!3,3,5,0
2115!7,7,3,0
2117!12,12,5,0
2119!3,3,1,0
2125!1,1,7,0
2127!5,5,1,0
2129!4,4,9,0
2131!1,1,12,0
2133!1,1,10,0
2135!11,11,11,0
2139!5,5,7,0
2143!12,12,5,0
2145!1,1,11,0
2149!1,1,3,0
2151!1,1,10,0
2153!11,11,7,0
2155!6,6,8,0
2157!5,5,14,0
2165!12,12,2,0
2169!7,7,13,0
2171!1,1,1,0
2173!1,1,14,0
2175!11,11,13,0
2179!5,5,8,0
2181!1,1,13,0
2183!7,7,6,0
2187!5,5,2,0
2189!7,7,5,0
2191!5,5,10,0
2193!1,1,11,0
2195!2,2,7,0
2201!1,1,11,0
2203!4,4,1,0
2209!2,2,9,0
2215!11,11,7,0
2219!1,1,10,0
2225!1,1,11,0
2229!1,1,9,0
2233!12,12,10,0
2237!7,7,4,0
2239!1,1,7,0
2241!4,4,9,0
2249!7,7,1,0
2251!6,6,6,0
2253!1,1,7,0
2259!2,2,10,0
2261!4,4,11,0
2263!7,7,10,0
2265!12,12,12,0
2271!4,4,9,0
2275!11,11,12,0
2283!1,1,7,0
2285!4,4,14,0
2287!4,4,6,0
2289!4,4,11,0
2293!1,1,4,0
2295!1,1,10,0
2297!12,12,12,0
2301!2,2,7,0
2303!5,5,4,0
2305!7,7,7,0
2313!2,2,9,0
2315!1,1,13,0
2317!4,4,9,0
2319!6,6,8,0
2321!1,1,10,0
2323!4,4,14,0
2325!1,1,5,0
2327!4,4,10,0
2329!5,5,11,0
2333!6,6,1,0
2335!2,2,10,0
2337!7,7,9,0
2339!3,3,10,0
2341!12,12,11,0
2347!12,12,1,0
2351!1,1,9,0
2357!6,6,10,0
2361!7,7,7,0
2363!1,1,10,0
2367!1,1,1,0
2369!11,11,9,0
2371!1,1,8,0
2373!2,2,9,0
2377!1,1,1,0
2379!2,2,7,0
2381!7,7,10,0
2383!3,3,1,0
2385!3,3,9,0
2387!11,11,10,0
2389!11,11,9,0
2393!6,6,6,0
2395!1,1,7,0
2399!7,7,11,0
2403!6,6,9,0
2405!5,5,11,0
2409!7,7,5,0
2411!7,7,11,0
2413!4,4,5,0
2417!1,1,13,0
2419!1,1,5,0
2421!1,1,11,0
2425!6,6,5,0
2433!7,7,11,0
2443!4,4,1,0
