0!1,1,1,0
230!1,1,7,0
235!1,1,1,0
239!1,1,10,0
240!1,1,1,0
241!1,1,7,0
242!1,1,10,0
243!1,1,9,0
247!1,1,13,0
249!1,1,10,0
252!1,1,14,0
253!1,1,7,0
254!1,1,13,0
256!1,1,9,0
257!1,1,13,0
262!1,1,7,0
264!1,1,14,0
265!1,1,6,0
273!1,1,12,0
274!1,1,7,0
276!1,1,3,0
277!1,1,9,0
279!1,1,10,0
280!1,1,9,0
281!1,1,1,0
282!1,1,9,0
283!1,1,11,0
286!1,1,10,0
288!1,1,6,0
290!1,1,10,0
293!1,1,8,0
295!1,1,11,0
296!1,1,5,0
302!1,1,11,0
303!1,1,6,0
308!1,1,3,0
309!1,1,10,0
310!1,1,1,0
311!1,1,10,0
315!1,1,1,0
316!1,1,10,0
318!1,1,1,0
319!1,1,10,0
320!1,1,14,0
326!1,1,1,0
327!1,1,10,0
330!1,1,14,0
331!1,1,7,0
334!1,1,9,0
335!1,1,4,0
336!1,1,10,0
338!1,1,11,0
344!1,1,1,0
345!1,1,10,0
346!1,1,1,0
347!1,1,10,0
348!1,1,6,0
354!1,1,10,0
355!1,1,5,0
356!1,1,10,0
358!1,1,5,0
359!1,1,2,0
361!1,1,9,0
362!1,1,4,0
363!1,1,10,0
365!1,1,13,0
369!1,1,14,0
381!1,1,10,0
384!1,1,1,0
386!1,1,9,0
388!1,1,13,0
390!1,1,1,0
391!1,1,7,0
392!1,1,8,0
393!1,1,7,0
394!1,1,12,0
396!1,1,5,0
397!1,1,7,0
398!1,1,9,0
401!1,1,10,0
403!1,1,12,0
404!1,1,5,0
405!1,1,7,0
410!1,1,10,0
413!1,1,9,0
418!1,1,10,0
419!1,1,14,0
420!1,1,1,0
422!1,1,11,0
423!1,1,9,0
427!1,1,10,0
428!1,1,9,0
432!1,1,10,0
436!1,1,9,0
437!1,1,10,0
438!1,1,2,0
439!1,1,5,0
441!1,1,13,0
442!1,1,5,0
443!1,1,1,0
446!1,1,12,0
449!1,1,6,0
450!1,1,3,0
451!1,1,7,0
452!1,1,5,0
453!1,1,1,0
454!1,1,10,0
455!1,1,1,0
456!1,1,10,0
458!1,1,9,0
462!1,1,10,0
463!1,1,9,0
464!1,1,7,0
465!1,1,9,0
467!1,1,7,0
471!1,1,10,0
472!1,1,9,0
473!1,1,7,0
474!1,1,10,0
475!1,1,9,0
476!1,1,13,0
478!1,1,9,0
479!1,1,10,0
481!1,1,11,0
482!1,1,10,0
485!1,1,12,0
486!1,1,10,0
490!1,1,9,0
491!1,1,10,0
492!1,1,14,0
493!1,1,2,0
497!1,1,10,0
498!1,1,9,0
499!1,1,7,0
500!1,1,10,0
501!1,1,5,0
504!1,1,12,0
505!1,1,5,0
507!1,1,7,0
508!1,1,2,0
510!1,1,10,0
511!1,1,7,0
512!1,1,4,0
514!1,1,7,0
515!1,1,3,0
526!1,1,7,0
527!1,1,1,0
537!1,1,7,0
538!1,1,5,0
539!1,1,11,0
540!1,1,14,0
541!1,1,12,0
543!1,1,10,0
546!1,1,13,0
550!1,1,7,0
553!1,1,9,0
554!1,1,5,0
555!1,1,12,0
558!1,1,6,0
559!1,1,7,0
561!1,1,4,0
562!1,1,7,0
564!1,1,10,0
565!1,1,3,0
566!1,1,7,0
569!1,1,10,0
571!1,1,7,0
572!1,1,10,0
576!1,1,4,0
578!1,1,7,0
579!1,1,3,0
580!1,1,11,0
582!1,1,8,0
583!1,1,1,0
584!1,1,9,0
586!1,1,10,0
587!1,1,11,0
589!1,1,5,0
593!1,1,7,0
595!1,1,11,0
596!1,1,5,0
603!1,1,1,0
605!1,1,11,0
606!1,1,5,0
607!1,1,7,0
610!1,1,5,0
614!1,1,11,0
616!1,1,10,0
617!1,1,1,0
618!1,1,9,0
619!1,1,10,0
620!1,1,9,0
625!1,1,7,0
627!1,1,9,0
630!1,1,7,0
633!1,1,10,0
636!1,1,12,0
640!1,1,14,0
644!1,1,10,0
645!1,1,9,0
646!1,1,10,0
648!1,1,7,0
652!1,1,10,0
653!1,1,9,0
655!1,1,10,0
656!1,1,9,0
658!1,1,10,0
660!1,1,14,0
662!1,1,7,0
663!1,1,6,0
665!1,1,7,0
669!1,1,10,0
670!1,1,12,0
672!1,1,6,0
677!1,1,12,0
681!1,1,6,0
683!1,1,11,0
684!1,1,9,0
685!1,1,6,0
686!1,1,13,0
695!1,1,7,0
697!1,1,9,0
698!1,1,6,0
701!1,1,11,0
704!1,1,7,0
705!1,1,3,0
706!1,1,9,0
707!1,1,7,0
708!1,1,11,0
710!1,1,7,0
711!1,1,11,0
712!1,1,7,0
724!1,1,10,0
725!1,1,9,0
726!1,1,6,0
727!1,1,7,0
729!1,1,14,0
731!1,1,7,0
733!1,1,10,0
735!1,1,9,0
737!1,1,5,0
739!1,1,10,0
740!1,1,5,0
741!1,1,10,0
742!1,1,8,0
743!1,1,11,0
744!1,1,7,0
745!1,1,10,0
753!1,1,12,0
758!1,1,8,0
759!1,1,7,0
760!1,1,10,0
762!1,1,1,0
763!1,1,14,0
764!1,1,10,0
765!1,1,14,0
767!1,1,7,0
768!1,1,9,0
769!1,1,7,0
770!1,1,14,0
771!1,1,1,0
774!1,1,7,0
775!1,1,10,0
776!1,1,7,0
777!1,1,14,0
778!1,1,13,0
779!1,1,10,0
780!1,1,7,0
782!1,1,10,0
783!1,1,1,0
784!1,1,9,0
787!1,1,3,0
788!1,1,7,0
793!1,1,10,0
794!1,1,7,0
795!1,1,10,0
801!1,1,11,0
802!1,1,10,0
803!1,1,3,0
804!1,1,5,0
806!1,1,7,0
809!1,1,6,0
812!1,1,11,0
814!1,1,10,0
816!1,1,11,0
820!1,1,7,0
821!1,1,5,0
823!1,1,7,0
824!1,1,5,0
826!1,1,3,0
827!1,1,8,0
846!1,1,3,0
851!1,1,11,0
852!1,1,1,0
1069!1,1,1,0
1070!1,1,12,0
1071!1,1,7,0
1073!1,1,10,0
1074!1,1,7,0
1077!1,1,10,0
1081!1,1,7,0
1082!1,1,1,0
1083!1,1,9,0
1087!1,1,5,0
1089!1,1,13,0
1091!1,1,8,0
1092!1,1,10,0
1093!1,1,11,0
1105!1,1,1,0
1108!1,1,9,0
1109!1,1,11,0
1112!1,1,10,0
1113!1,1,9,0
1114!1,1,10,0
1117!1,1,11,0
1121!1,1,10,0
1122!1,1,9,0
1123!1,1,1,0
1124!1,1,5,0
1125!1,1,11,0
1126!1,1,8,0
1127!1,1,11,0
1129!1,1,6,0
1130!1,1,12,0
1135!1,1,5,0
1137!1,1,2,0
1138!1,1,5,0
1139!1,1,3,0
1140!1,1,10,0
1144!1,1,1,0
1145!1,1,10,0
1149!1,1,9,0
1150!1,1,7,0
1155!1,1,5,0
1156!1,1,2,0
1157!1,1,9,0
1158!1,1,5,0
1159!1,1,7,0
1161!1,1,9,0
1162!1,1,10,0
1163!1,1,9,0
1168!1,1,10,0
1171!1,1,14,0
1173!1,1,10,0
1177!1,1,11,0
1181!1,1,10,0
1184!1,1,9,0
1187!1,1,11,0
1191!1,1,2,0
1193!1,1,11,0
1196!1,1,7,0
1197!1,1,6,0
1199!1,1,7,0
1208!1,1,12,0
1210!1,1,5,0
1213!1,1,7,0
1214!1,1,1,0
1216!1,1,12,0
1218!1,1,5,0
1220!1,1,2,0
1221!1,1,9,0
1222!1,1,10,0
1227!1,1,7,0
1228!1,1,5,0
1230!1,1,11,0
1231!1,1,4,0
1232!1,1,10,0
1234!1,1,6,0
1235!1,1,10,0
1238!1,1,5,0
1240!1,1,10,0
1241!1,1,9,0
1242!1,1,10,0
1245!1,1,9,0
1248!1,1,10,0
1249!1,1,7,0
1250!1,1,10,0
1252!1,1,7,0
1253!1,1,1,0
1254!1,1,11,0
1255!1,1,2,0
1258!1,1,10,0
1267!1,1,9,0
1278!1,1,12,0
1280!1,1,1,0
1281!1,1,7,0
1282!1,1,2,0
1283!1,1,11,0
1284!1,1,10,0
1286!1,1,9,0
1289!1,1,5,0
1292!1,1,9,0
1293!1,1,3,0
1294!1,1,9,0
1298!1,1,11,0
1299!1,1,10,0
1301!1,1,7,0
1302!1,1,10,0
1304!1,1,5,0
1306!1,1,11,0
1307!1,1,6,0
1308!1,1,10,0
1309!1,1,11,0
1310!1,1,10,0
1311!1,1,13,0
1318!1,1,10,0
1319!1,1,1,0
1320!1,1,10,0
1321!1,1,14,0
1322!1,1,7,0
1328!1,1,10,0
1331!1,1,12,0
1339!1,1,1,0
1340!1,1,11,0
1342!1,1,2,0
1343!1,1,7,0
1344!1,1,4,0
1365!1,1,7,0
1368!1,1,10,0
1372!1,1,13,0
1373!1,1,10,0
1374!1,1,5,0
1375!1,1,12,0
1376!1,1,10,0
1380!1,1,11,0
1382!1,1,7,0
1384!1,1,10,0
1390!1,1,6,0
1392!1,1,13,0
1394!1,1,10,0
1395!1,1,7,0
1396!1,1,5,0
1397!1,1,11,0
1398!1,1,10,0
1399!1,1,11,0
1400!1,1,5,0
1402!1,1,10,0
1403!1,1,11,0
1407!1,1,8,0
1409!1,1,11,0
1411!1,1,10,0
1412!1,1,9,0
1413!1,1,10,0
1415!1,1,11,0
1416!1,1,10,0
1417!1,1,5,0
1418!1,1,1,0
1419!1,1,10,0
1420!1,1,11,0
1422!1,1,10,0
1425!1,1,9,0
1427!1,1,5,0
1430!1,1,10,0
1432!1,1,11,0
1437!1,1,10,0
1438!1,1,13,0
1444!1,1,7,0
1446!1,1,1,0
1447!1,1,7,0
1450!1,1,11,0
1452!1,1,14,0
1455!1,1,7,0
1456!1,1,9,0
1459!1,1,7,0
1460!1,1,10,0
1461!1,1,3,0
1462!1,1,7,0
1463!1,1,10,0
1464!1,1,9,0
1465!1,1,4,0
1466!1,1,14,0
1468!1,1,10,0
1469!1,1,9,0
1471!1,1,13,0
1473!1,1,9,0
1475!1,1,10,0
1477!1,1,1,0
1478!1,1,7,0
1480!1,1,5,0
1481!1,1,7,0
1482!1,1,5,0
1483!1,1,14,0
1488!1,1,10,0
1489!1,1,14,0
1491!1,1,10,0
1492!1,1,7,0
1493!1,1,5,0
1496!1,1,7,0
1498!1,1,12,0
1499!1,1,6,0
1500!1,1,11,0
1502!1,1,5,0
1503!1,1,11,0
1504!1,1,10,0
1506!1,1,11,0
1511!1,1,5,0
1513!1,1,12,0
1514!1,1,9,0
1515!1,1,11,0
1521!1,1,1,0
1523!1,1,12,0
1524!1,1,10,0
1525!1,1,5,0
1527!1,1,7,0
1528!1,1,10,0
1533!1,1,11,0
1534!1,1,7,0
1536!1,1,5,0
1538!1,1,10,0
1541!1,1,6,0
1542!1,1,7,0
1544!1,1,5,0
1546!1,1,7,0
1547!1,1,5,0
1548!1,1,12,0
1549!1,1,6,0
1552!1,1,10,0
1553!1,1,7,0
1554!1,1,4,0
1555!1,1,10,0
1557!1,1,9,0
1558!1,1,10,0
1559!1,1,11,0
1560!1,1,10,0
1561!1,1,8,0
1562!1,1,2,0
1563!1,1,10,0
1564!1,1,13,0
1565!1,1,3,0
1566!1,1,9,0
1568!1,1,1,0
1569!1,1,7,0
1570!1,1,6,0
1571!1,1,11,0
1574!1,1,10,0
1575!1,1,7,0
1576!1,1,10,0
1577!1,1,7,0
1579!1,1,9,0
1580!1,1,7,0
1581!1,1,9,0
1582!1,1,10,0
1590!1,1,5,0
1592!1,1,7,0
1595!1,1,5,0
1596!1,1,10,0
1597!1,1,7,0
1600!1,1,8,0
1601!1,1,14,0
1602!1,1,3,0
1604!1,1,7,0
1605!1,1,10,0
1606!1,1,7,0
1607!1,1,6,0
1608!1,1,1,0
1610!1,1,9,0
1613!1,1,10,0
1616!1,1,14,0
1618!1,1,10,0
1619!1,1,11,0
1624!1,1,5,0
1628!1,1,2,0
1629!1,1,9,0
1630!1,1,10,0
1631!1,1,8,0
1632!1,1,10,0
1634!1,1,3,0
1635!1,1,10,0
1637!1,1,7,0
1640!1,1,12,0
1642!1,1,7,0
1643!1,1,11,0
1644!1,1,6,0
1648!1,1,12,0
1649!1,1,5,0
1650!1,1,11,0
1651!1,1,5,0
1652!1,1,13,0
1653!1,1,14,0
1654!1,1,10,0
1655!1,1,14,0
1656!1,1,6,0
1657!1,1,12,0
1658!1,1,8,0
1659!1,1,11,0
1661!1,1,5,0
1668!1,1,7,0
1669!1,1,6,0
1675!1,1,11,0
1676!1,1,6,0
1678!1,1,12,0
1679!1,1,5,0
1680!1,1,4,0
1681!1,1,11,0
1684!1,1,4,0
1912!1,1,7,0
1915!1,1,1,0
1917!1,1,10,0
1918!1,1,11,0
1920!1,1,10,0
1922!1,1,11,0
1923!1,1,10,0
1925!1,1,7,0
1929!1,1,1,0
1930!1,1,6,0
1935!1,1,7,0
1936!1,1,5,0
1940!1,1,12,0
1941!1,1,8,0
1942!1,1,11,0
1943!1,1,8,0
1946!1,1,7,0
1948!1,1,5,0
1951!1,1,12,0
1952!1,1,1,0
1953!1,1,10,0
1954!1,1,7,0
1955!1,1,10,0
1956!1,1,1,0
1957!1,1,7,0
1959!1,1,3,0
1960!1,1,11,0
1961!1,1,7,0
1962!1,1,10,0
1964!1,1,9,0
1967!1,1,7,0
1968!1,1,11,0
1974!1,1,7,0
1976!1,1,14,0
1980!1,1,7,0
1996!1,1,10,0
1997!1,1,3,0
1998!1,1,10,0
1999!1,1,11,0
2000!1,1,10,0
2001!1,1,3,0
2003!1,1,9,0
2005!1,1,10,0
2006!1,1,7,0
2021!1,1,10,0
2022!1,1,9,0
2023!1,1,11,0
2024!1,1,14,0
2025!1,1,12,0
2027!1,1,10,0
2028!1,1,7,0
2029!1,1,10,0
2030!1,1,2,0
2031!1,1,13,0
2032!1,1,1,0
2033!1,1,12,0
2034!1,1,10,0
2035!1,1,5,0
2041!1,1,7,0
2050!1,1,10,0
2051!1,1,7,0
2053!1,1,8,0
2055!1,1,10,0
2056!1,1,7,0
2057!1,1,5,0
2058!1,1,7,0
2059!1,1,9,0
2062!1,1,7,0
2065!1,1,13,0
2098!1,1,1,0
2116!1,1,5,0
2119!1,1,7,0
2120!1,1,10,0
2122!1,1,7,0
2123!1,1,10,0
2125!1,1,5,0
2127!1,1,12,0
2128!1,1,5,0
2129!1,1,3,0
2130!1,1,11,0
2131!1,1,5,0
2132!1,1,10,0
2133!1,1,8,0
2136!1,1,12,0
2138!1,1,5,0
2139!1,1,7,0
2141!1,1,5,0
2144!1,1,13,0
2146!1,1,5,0
2147!1,1,10,0
2149!1,1,1,0
2150!1,1,7,0
2151!1,1,10,0
2152!1,1,7,0
2153!1,1,9,0
2154!1,1,5,0
2156!1,1,7,0
2157!1,1,10,0
2158!1,1,7,0
2159!1,1,10,0
2160!1,1,7,0
2163!1,1,9,0
2164!1,1,1,0
2165!1,1,7,0
2166!1,1,6,0
2168!1,1,11,0
2170!1,1,7,0
2171!1,1,10,0
2172!1,1,9,0
2174!1,1,11,0
2178!1,1,5,0
2180!1,1,11,0
2181!1,1,7,0
2183!1,1,8,0
2187!1,1,7,0
2188!1,1,8,0
2190!1,1,10,0
2192!1,1,11,0
2194!1,1,5,0
2195!1,1,10,0
2196!1,1,7,0
2199!1,1,11,0
2201!1,1,7,0
2202!1,1,12,0
2204!1,1,10,0
2205!1,1,2,0
2208!1,1,9,0
2211!1,1,10,0
2214!1,1,7,0
2215!1,1,9,0
2216!1,1,10,0
2217!1,1,1,0
2218!1,1,7,0
2221!1,1,10,0
2223!1,1,14,0
2224!1,1,11,0
2226!1,1,1,0
2228!1,1,10,0
2229!1,1,9,0
2233!1,1,10,0
2236!1,1,1,0
2237!1,1,7,0
2239!1,1,5,0
2240!1,1,10,0
2241!1,1,9,0
2246!1,1,10,0
2247!1,1,9,0
2250!1,1,7,0
2251!1,1,6,0
2254!1,1,7,0
2256!1,1,5,0
2257!1,1,10,0
2258!1,1,1,0
2259!1,1,12,0
2260!1,1,5,0
2262!1,1,10,0
2263!1,1,5,0
2264!1,1,11,0
2269!1,1,5,0
2271!1,1,11,0
2272!1,1,9,0
2273!1,1,10,0
2274!1,1,12,0
2283!1,1,7,0
2285!1,1,10,0
2286!1,1,8,0
2288!1,1,11,0
2293!1,1,1,0
2294!1,1,10,0
2295!1,1,7,0
2296!1,1,11,0
2301!1,1,7,0
2303!1,1,9,0
2304!1,1,7,0
2312!1,1,10,0
2313!1,1,9,0
2314!1,1,7,0
2316!1,1,1,0
2317!1,1,9,0
2318!1,1,10,0
2319!1,1,6,0
2320!1,1,10,0
2324!1,1,9,0
2325!1,1,5,0
2327!1,1,10,0
2329!1,1,13,0
2330!1,1,6,0
2332!1,1,10,0
2333!1,1,3,0
2335!1,1,10,0
2340!1,1,11,0
2346!1,1,10,0
2347!1,1,13,0
2348!1,1,9,0
2349!1,1,2,0
2350!1,1,9,0
2351!1,1,10,0
2353!1,1,9,0
2357!1,1,12,0
2358!1,1,10,0
2359!1,1,1,0
2361!1,1,10,0
2366!1,1,9,0
2367!1,1,1,0
2368!1,1,10,0
2371!1,1,7,0
2372!1,1,10,0
2373!1,1,7,0
2374!1,1,14,0
2375!1,1,7,0
2376!1,1,10,0
2377!1,1,9,0
2378!1,1,7,0
2380!1,1,10,0
2383!1,1,7,0
2384!1,1,10,0
2385!1,1,9,0
2386!1,1,1,0
2387!1,1,10,0
2388!1,1,14,0
2389!1,1,6,0
2390!1,1,9,0
2391!1,1,1,0
2392!1,1,6,0
2393!1,1,7,0
2397!1,1,10,0
2398!1,1,8,0
2400!1,1,2,0
2402!1,1,14,0
2403!1,1,10,0
2404!1,1,9,0
2405!1,1,11,0
2407!1,1,6,0
2408!1,1,11,0
2409!1,1,5,0
2411!1,1,7,0
2413!1,1,5,0
2436!1,1,12,0
2443!1,1,3,0
