0!1,1,3,0
0!6,6,-1,0
38!-1,-1,10,-1
59!1,1,-1,0
70!-1,-1,10,-1
86!-1,-1,6,-1
87!2,2,-1,0
92!1,1,-1,0
95!1,1,-1,0
99!6,6,-1,0
99!-1,-1,6,-1
102!1,1,-1,0
129!-1,-1,6,-1
130!1,1,-1,0
136!1,1,-1,0
142!2,2,-1,0
157!1,1,-1,0
159!6,6,-1,0
163!1,1,-1,0
169!-1,-1,3,-1
175!6,6,-1,0
182!1,1,-1,0
188!-1,-1,5,-1
189!6,6,-1,0
196!1,1,-1,0
198!-1,-1,3,-1
215!6,6,-1,0
224!1,1,-1,0
235!1,1,-1,0
242!1,1,-1,0
245!6,6,-1,0
250!1,1,-1,0
258!6,6,-1,0
262!1,1,-1,0
262!-1,-1,18,-1
270!6,6,-1,0
271!-1,-1,3,-1
281!2,2,-1,0
281!-1,-1,18,-1
294!1,1,-1,0
294!-1,-1,3,-1
329!-1,-1,3,-1
330!-1,-1,6,-1
333!-1,-1,6,-1
335!-1,-1,18,-1
338!-1,-1,6,-1
341!-1,-1,17,-1
344!-1,-1,10,-1
346!-1,-1,6,-1
347!6,6,-1,0
348!-1,-1,6,-1
351!-1,-1,17,-1
360!-1,-1,6,-1
361!1,1,-1,0
361!-1,-1,9,-1
369!-1,-1,6,-1
370!6,6,-1,0
372!-1,-1,6,-1
374!-1,-1,6,-1
381!-1,-1,6,-1
382!-1,-1,6,-1
384!1,1,-1,0
384!-1,-1,9,-1
385!-1,-1,10,-1
386!-1,-1,6,-1
389!-1,-1,9,-1
390!6,6,-1,0
392!-1,-1,17,-1
396!-1,-1,6,-1
398!-1,-1,9,-1
400!1,1,-1,0
420!-1,-1,3,-1
425!-1,-1,10,-1
427!-1,-1,6,-1
429!-1,-1,6,-1
431!-1,-1,9,-1
433!-1,-1,18,-1
438!-1,-1,18,-1
441!-1,-1,18,-1
442!-1,-1,9,-1
445!-1,-1,3,-1
447!-1,-1,18,-1
453!-1,-1,9,-1
458!-1,-1,6,-1
465!-1,-1,6,-1
468!-1,-1,18,-1
471!-1,-1,18,-1
472!6,6,-1,0
474!-1,-1,3,-1
477!-1,-1,6,-1
479!1,1,-1,0
480!-1,-1,10,-1
483!-1,-1,6,-1
486!-1,-1,17,-1
489!1,1,-1,0
489!-1,-1,9,-1
491!-1,-1,10,-1
492!6,6,-1,0
494!-1,-1,6,-1
497!1,1,-1,0
502!-1,-1,18,-1
505!6,6,-1,0
505!-1,-1,6,-1
506!-1,-1,6,-1
511!1,1,-1,0
518!-1,-1,6,-1
524!-1,-1,6,-1
526!-1,-1,17,-1
527!-1,-1,18,-1
529!-1,-1,6,-1
531!-1,-1,6,-1
534!-1,-1,6,-1
538!-1,-1,18,-1
541!-1,-1,6,-1
543!-1,-1,9,-1
546!-1,-1,10,-1
548!-1,-1,18,-1
549!-1,-1,9,-1
551!-1,-1,6,-1
554!6,6,-1,0
554!-1,-1,17,-1
556!-1,-1,10,-1
558!-1,-1,6,-1
561!-1,-1,6,-1
562!1,1,-1,0
563!-1,-1,9,-1
566!-1,-1,17,-1
567!6,6,-1,0
568!-1,-1,6,-1
569!-1,-1,18,-1
571!-1,-1,6,-1
572!2,2,-1,0
574!-1,-1,6,-1
578!-1,-1,17,-1
579!-1,-1,10,-1
581!-1,-1,9,-1
582!1,1,-1,0
584!-1,-1,6,-1
586!-1,-1,10,-1
591!-1,-1,10,-1
596!-1,-1,6,-1
601!6,6,-1,0
604!-1,-1,9,-1
604!-1,-1,18,-1
606!-1,-1,9,-1
607!-1,-1,3,-1
608!-1,-1,6,-1
608!-1,-1,6,-1
609!-1,-1,18,-1
610!-1,-1,9,-1
611!-1,-1,6,-1
611!-1,-1,18,-1
612!-1,-1,6,-1
613!-1,-1,6,-1
614!-1,-1,6,-1
615!-1,-1,3,-1
615!-1,-1,9,-1
616!-1,-1,10,-1
617!1,1,-1,0
617!-1,-1,17,-1
617!-1,-1,18,-1
617!-1,-1,3,-1
618!-1,-1,6,-1
619!-1,-1,10,-1
622!-1,-1,3,-1
623!-1,-1,9,-1
625!-1,-1,18,-1
626!-1,-1,6,-1
627!-1,-1,9,-1
629!-1,-1,18,-1
630!-1,-1,9,-1
631!-1,-1,6,-1
632!-1,-1,9,-1
633!-1,-1,3,-1
635!6,6,-1,0
638!-1,-1,9,-1
639!-1,-1,9,-1
640!-1,-1,3,-1
641!-1,-1,9,-1
643!1,1,-1,0
647!6,6,-1,0
647!-1,-1,17,-1
650!-1,-1,6,-1
651!2,2,-1,0
653!-1,-1,9,-1
656!6,6,-1,0
657!-1,-1,17,-1
660!-1,-1,18,-1
663!1,1,-1,0
688!-1,-1,6,-1
707!-1,-1,6,-1
712!-1,-1,6,-1
715!6,6,-1,0
715!-1,-1,6,-1
718!1,1,-1,0
721!2,2,-1,0
722!-1,-1,17,-1
724!-1,-1,6,-1
725!-1,-1,18,-1
726!6,6,-1,0
726!-1,-1,18,-1
730!-1,-1,6,-1
733!1,1,-1,0
734!2,2,-1,0
734!-1,-1,6,-1
737!-1,-1,6,-1
738!-1,-1,18,-1
741!4,4,-1,4
741!-1,-1,10,-1
743!-1,-1,6,-1
746!-1,-1,6,-1
748!-1,-1,9,-1
750!-1,-1,18,-1
752!-1,-1,10,-1
758!-1,-1,18,-1
761!-1,-1,18,-1
762!-1,-1,9,-1
766!-1,-1,6,-1
769!-1,-1,6,-1
771!-1,-1,6,-1
774!-1,-1,17,-1
776!1,1,-1,0
777!-1,-1,9,-1
781!6,6,-1,0
782!-1,-1,18,-1
784!-1,-1,10,-1
786!-1,-1,18,-1
787!1,1,-1,0
788!6,6,-1,0
790!-1,-1,3,-1
792!1,1,-1,0
796!-1,-1,18,-1
800!-1,-1,18,-1
803!-1,-1,6,-1
806!-1,-1,6,-1
807!-1,-1,9,-1
814!6,6,-1,0
814!-1,-1,6,-1
817!-1,-1,9,-1
819!-1,-1,3,-1
820!1,1,-1,0
821!6,6,-1,0
821!-1,-1,17,-1
825!1,1,-1,0
827!-1,-1,18,-1
829!-1,-1,9,-1
831!-1,-1,10,-1
832!-1,-1,6,-1
834!-1,-1,18,-1
840!-1,-1,6,-1
842!6,6,-1,0
842!-1,-1,18,-1
848!-1,-1,18,-1
850!-1,-1,9,-1
851!1,1,-1,0
853!-1,-1,6,-1
854!6,6,-1,0
855!-1,-1,3,-1
857!-1,-1,10,-1
860!-1,-1,6,-1
861!1,1,-1,0
863!-1,-1,9,-1
867!6,6,-1,0
867!-1,-1,10,-1
868!-1,-1,18,-1
874!1,1,-1,0
877!6,6,-1,0
877!-1,-1,17,-1
881!-1,-1,6,-1
884!1,1,-1,0
884!-1,-1,6,-1
885!-1,-1,9,-1
887!-1,-1,6,-1
890!-1,-1,6,-1
893!-1,-1,17,-1
896!-1,-1,6,-1
899!5,21,-1,0
900!-1,-1,9,-1
903!6,6,-1,0
907!1,1,-1,0
908!-1,-1,6,-1
913!-1,-1,9,-1
915!-1,-1,6,-1
918!-1,-1,18,-1
926!-1,-1,6,-1
928!-1,-1,9,-1
930!-1,-1,6,-1
931!-1,-1,18,-1
935!-1,-1,6,-1
938!-1,-1,6,-1
941!-1,-1,18,-1
942!4,4,-1,4
943!-1,-1,6,-1
946!-1,-1,6,-1
947!1,1,-1,0
950!-1,-1,17,-1
952!-1,-1,10,-1
953!6,6,-1,0
954!-1,-1,3,-1
956!-1,-1,6,-1
960!-1,-1,10,-1
961!1,1,-1,0
965!-1,-1,17,-1
965!-1,-1,3,-1
967!-1,-1,18,-1
969!1,1,-1,0
970!-1,-1,6,-1
972!-1,-1,6,-1
977!-1,-1,6,-1
977!-1,-1,3,-1
978!-1,-1,9,-1
987!-1,-1,17,-1
990!6,6,-1,0
990!-1,-1,6,-1
992!-1,-1,18,-1
993!1,1,-1,0
995!-1,-1,9,-1
997!-1,-1,6,-1
999!6,6,-1,0
999!-1,-1,10,-1
1000!-1,-1,6,-1
1001!-1,-1,10,-1
1008!1,1,-1,0
1011!1,1,-1,0
1013!4,4,-1,4
1029!6,6,-1,0
1031!-1,-1,3,-1
1036!1,1,-1,0
1040!1,1,-1,0
1075!1,1,-1,0
1076!-1,-1,5,-1
1098!1,1,-1,0
1109!6,6,-1,0
1123!1,1,-1,0
1150!6,6,-1,0