0!1,1,3,0
36!1,1,-1,0
38!0,0,-1,0
39!1,1,-1,0
41!0,0,-1,0
42!1,1,-1,0
46!4,4,-1,0
47!-1,-1,15,-1
59!1,1,3,0
93!1,1,-1,0
94!0,0,-1,0
95!1,1,-1,0
102!0,0,0,0
105!2,2,5,0
115!4,4,16,2
116!-1,-1,9,-1
117!-1,-1,16,-1
118!-1,-1,9,-1
119!-1,-1,16,-1
120!-1,-1,9,-1
121!-1,-1,16,-1
122!-1,-1,9,-1
123!-1,-1,16,-1
124!-1,-1,9,-1
125!-1,-1,16,-1
126!-1,-1,9,-1
127!-1,-1,16,-1
128!-1,-1,9,-1
129!1,1,3,0
134!6,6,5,2
155!1,1,18,0
156!-1,-1,18,-1
158!-1,-1,18,-1
159!-1,-1,0,-1
160!-1,-1,18,-1
161!-1,-1,3,-1
162!-1,-1,18,-1
164!0,0,9,0
165!1,1,18,0
166!1,1,-1,0
167!-1,-1,10,-1
169!-1,-1,6,-1
171!-1,-1,17,-1
172!-1,-1,10,-1
174!-1,-1,18,-1
180!-1,-1,17,-1
181!0,0,-1,0
182!1,1,3,0
183!0,0,-1,0
184!1,1,10,0
187!4,4,6,2
189!-1,-1,16,-1
194!-1,-1,3,-1
203!1,1,-1,0
212!-1,-1,6,-1
214!-1,-1,17,-1
215!-1,-1,18,-1
217!13,13,17,2
219!-1,-1,9,-1
220!-1,-1,3,-1
221!-1,-1,6,-1
222!-1,-1,17,-1
224!-1,-1,9,-1
225!-1,-1,3,-1
226!-1,-1,6,-1
227!-1,-1,9,-1
228!-1,-1,3,-1
229!-1,-1,17,-1
230!-1,-1,9,-1
231!-1,-1,3,-1
232!-1,-1,9,-1
233!2,2,6,0
239!-1,-1,9,-1
240!-1,-1,18,-1
246!-1,-1,17,-1
259!6,6,3,0
267!1,1,6,0
268!-1,-1,0,-1
269!-1,-1,6,-1
270!-1,-1,0,-1
271!-1,-1,6,-1
272!-1,-1,6,-1
274!2,2,6,0
276!-1,-1,6,-1
278!-1,-1,6,-1
280!-1,-1,6,-1
281!-1,-1,18,-1
282!-1,-1,3,-1
283!-1,-1,18,-1
285!-1,-1,17,-1
287!11,11,9,0
289!-1,-1,6,-1
290!-1,-1,6,-1
292!-1,-1,17,-1
294!-1,-1,6,-1
296!-1,-1,9,-1
297!-1,-1,17,-1
299!-1,-1,18,-1
301!1,1,3,0
303!-1,-1,9,-1
305!-1,-1,18,-1
306!-1,-1,6,-1
308!-1,-1,9,-1
310!-1,-1,6,-1
312!-1,-1,10,-1
314!-1,-1,9,-1
315!-1,-1,17,-1
316!5,21,-1,0
317!4,4,10,2
318!11,11,-1,0
319!6,6,17,2
321!5,21,18,0
322!4,4,-1,2
323!11,11,-1,0
324!6,6,-1,2
325!2,2,-1,0
327!-1,-1,3,-1
330!1,1,3,0
331!-1,-1,6,-1
333!-1,-1,9,-1
335!-1,-1,18,-1
338!1,1,-1,0
339!0,0,18,0
340!1,1,-1,0
342!-1,-1,18,-1
344!-1,-1,9,-1
346!4,4,3,0
347!-1,-1,6,-1
349!-1,-1,10,-1
351!-1,-1,10,-1
353!1,1,3,0
355!-1,-1,18,-1
356!-1,-1,9,-1
358!-1,-1,18,-1
360!4,4,9,4
362!-1,-1,3,-1
364!-1,-1,9,-1
365!-1,-1,18,-1
367!-1,-1,3,-1
369!-1,-1,6,-1
371!-1,-1,3,-1
372!1,1,18,0
389!-1,-1,3,-1
390!4,4,-1,4
397!1,1,-1,0
403!6,6,-1,0
406!1,1,9,0
410!-1,-1,10,-1
414!-1,-1,6,-1
416!6,6,-1,0
417!-1,-1,10,-1
424!-1,-1,6,-1
431!-1,-1,18,-1
439!1,1,3,0
440!-1,-1,9,-1
442!-1,-1,17,-1
444!-1,-1,10,-1
446!6,6,9,0
449!-1,-1,6,-1
451!1,1,9,0
455!-1,-1,6,-1
458!-1,-1,6,-1
459!6,6,-1,0
464!-1,-1,3,-1
467!1,1,18,0
469!-1,-1,18,-1
471!-1,-1,18,-1
472!-1,-1,9,-1
475!4,1,-1,4
478!-1,-1,6,-1
480!1,1,17,0
482!1,4,-1,4
485!-1,-1,6,-1
487!-1,-1,18,-1
490!1,1,-1,0
492!-1,-1,17,-1
494!-1,-1,9,-1
497!-1,-1,6,-1
499!1,1,-1,0
501!1,1,-1,0
503!5,21,15,0
518!1,1,3,0
523!6,6,3,2
530!1,1,-1,0
531!-1,-1,17,-1
536!6,6,-1,0
539!1,1,3,0
543!6,6,-1,0
546!1,1,6,0
553!-1,-1,9,-1
554!6,6,-1,2
556!-1,-1,18,-1
557!-1,-1,3,-1
558!-1,-1,18,-1
559!1,1,-1,0
560!-1,-1,9,-1
564!-1,-1,18,-1
565!-1,-1,18,-1
569!-1,-1,17,-1
572!-1,-1,3,-1
581!-1,-1,9,-1
583!-1,-1,9,-1
584!-1,-1,0,-1
585!-1,-1,9,-1
587!-1,-1,18,-1
588!0,0,0,0
589!4,4,9,2
598!-1,-1,3,-1
600!-1,-1,16,-1
606!1,1,3,0
609!0,0,-1,0
610!1,1,6,0
612!-1,-1,6,-1
614!-1,-1,6,-1
615!-1,-1,18,-1
617!-1,-1,10,-1
621!1,1,6,0
622!-1,-1,6,-1
626!-1,-1,10,-1
628!-1,-1,18,-1
629!-1,-1,0,-1
630!-1,-1,18,-1
631!-1,-1,18,-1
633!-1,-1,18,-1
635!-1,-1,17,-1
637!-1,-1,0,-1
639!-1,-1,18,-1
640!-1,-1,6,-1
642!-1,-1,6,-1
644!-1,-1,10,-1
645!0,0,-1,0
646!4,1,-1,4
654!1,1,3,0
671!0,0,0,14
684!0,0,0,15
700!0,0,0,16
714!4,4,9,4
716!4,4,6,4
721!4,4,18,4
731!0,0,0,14
744!0,0,0,15
760!0,0,0,16
774!1,1,9,4
776!1,1,6,4
781!1,1,18,4
793!4,4,9,4
797!4,4,6,4
800!4,4,3,4
803!4,4,6,4
805!4,4,9,4
806!4,4,6,4
808!4,4,18,4
832!4,4,6,2
834!-1,-1,10,-1
836!-1,-1,6,-1
838!-1,-1,10,-1
841!-1,-1,3,-1
847!-1,-1,18,-1
848!-1,-1,3,-1
849!-1,-1,6,-1
850!-1,-1,6,-1
852!-1,-1,6,-1
854!-1,-1,9,-1
855!-1,-1,3,-1
858!1,1,-1,0
861!-1,-1,10,-1
863!-1,-1,9,-1
864!-1,-1,10,-1
866!-1,-1,9,-1
870!-1,-1,3,-1
875!-1,-1,6,-1
877!-1,-1,6,-1
879!-1,-1,6,-1
880!-1,-1,10,-1
884!-1,-1,3,-1
889!-1,-1,6,-1
891!-1,-1,6,-1
893!-1,-1,6,-1
895!-1,-1,6,-1
898!-1,-1,3,-1
904!-1,-1,9,-1
905!-1,-1,10,-1
907!-1,-1,6,-1
909!-1,-1,6,-1
911!0,0,-1,0
912!2,2,-1,0
913!0,0,3,0
914!2,2,-1,0
917!1,1,-1,0
918!-1,-1,10,-1
920!-1,-1,6,-1
922!-1,-1,18,-1
923!-1,-1,9,-1
927!-1,-1,3,-1
929!6,6,-1,0
932!1,1,6,0
934!-1,-1,17,-1
936!-1,-1,10,-1
938!-1,-1,18,-1
941!-1,-1,3,-1
947!11,11,9,0
948!-1,-1,6,-1
950!-1,-1,9,-1
952!-1,-1,6,-1
955!-1,-1,3,-1
961!4,4,6,2
963!-1,-1,6,-1
964!-1,-1,6,-1
966!-1,-1,10,-1
970!-1,-1,3,-1
975!6,6,6,2
977!-1,-1,18,-1
979!-1,-1,10,-1
980!-1,-1,17,-1
984!-1,-1,9,-1
986!-1,-1,17,-1
988!-1,-1,3,-1
990!-1,-1,6,-1
992!-1,-1,0,-1
993!-1,-1,17,-1
995!-1,-1,10,-1
998!-1,-1,3,-1
1002!1,1,18,0
1003!-1,-1,3,-1
1004!-1,-1,6,-1
1005!-1,-1,6,-1
1007!-1,-1,6,-1
1009!-1,-1,9,-1
1013!-1,-1,17,-1
1014!-1,-1,18,-1
1016!-1,-1,6,-1
1018!-1,-1,9,-1
1020!-1,-1,18,-1
1021!-1,-1,3,-1
1022!-1,-1,6,-1
1023!-1,-1,3,-1
1024!-1,-1,6,-1
1027!-1,-1,3,-1
1030!-1,-1,6,-1
1032!-1,-1,6,-1
1034!-1,-1,6,-1
1036!-1,-1,9,-1
1039!-1,-1,17,-1
1041!6,6,6,2
1043!-1,-1,9,-1
1045!-1,-1,18,-1
1046!-1,-1,3,-1
1047!-1,-1,9,-1
1048!-1,-1,6,-1
1050!-1,-1,17,-1
1052!1,1,10,0
1054!-1,-1,3,-1
1062!1,4,5,4
1105!1,1,3,0