0!6,6,3,0
103!1,1,-1,0
147!6,6,-1,0
152!1,1,-1,0
162!6,6,-1,0
166!1,1,-1,0
176!6,6,-1,0
180!1,1,-1,0
195!6,6,18,0
199!1,1,-1,0
203!-1,-1,3,-1
221!2,2,-1,0
228!1,4,-1,4
231!2,2,-1,0
235!1,1,-1,0
237!-1,-1,5,-1
239!-1,-1,10,-1
242!-1,-1,18,-1
243!-1,-1,9,-1
245!1,1,-1,0
247!-1,-1,6,-1
249!-1,-1,17,-1
251!-1,-1,6,-1
253!-1,-1,10,-1
256!-1,-1,18,-1
257!-1,-1,9,-1
261!-1,-1,6,-1
263!-1,-1,17,-1
265!-1,-1,6,-1
269!-1,-1,9,-1
272!-1,-1,6,-1
274!-1,-1,6,-1
279!-1,-1,9,-1
283!-1,-1,9,-1
284!-1,-1,6,-1
288!-1,-1,6,-1
291!-1,-1,6,-1
296!-1,-1,18,-1
300!-1,-1,18,-1
304!-1,-1,18,-1
305!-1,-1,10,-1
306!-1,-1,6,-1
307!-1,-1,6,-1
310!-1,-1,10,-1
312!-1,-1,6,-1
314!-1,-1,17,-1
318!-1,-1,6,-1
319!-1,-1,9,-1
337!2,2,-1,0
339!-1,-1,3,-1
341!6,6,-1,0
343!2,2,-1,0
349!1,1,-1,0
352!6,6,-1,0
368!1,1,-1,0
436!-1,-1,6,-1
437!-1,-1,6,-1
439!-1,-1,9,-1
441!-1,-1,17,-1
442!-1,-1,6,-1
444!-1,-1,6,-1
446!-1,-1,3,-1
448!-1,-1,6,-1
450!-1,-1,9,-1
452!-1,-1,3,-1
453!-1,-1,17,-1
457!-1,-1,6,-1
460!-1,-1,3,-1
467!6,6,-1,0
472!1,1,-1,0
474!6,6,-1,0
479!1,1,-1,0
521!-1,-1,3,-1
522!-1,-1,6,-1
524!-1,-1,17,-1
526!-1,-1,6,-1
527!-1,-1,9,-1
528!-1,-1,18,-1
532!-1,-1,3,-1
536!-1,-1,6,-1
538!-1,-1,17,-1
540!-1,-1,6,-1
541!-1,-1,9,-1
542!-1,-1,18,-1
549!-1,-1,3,-1
559!6,6,-1,0
567!1,1,-1,0
568!-1,-1,6,-1
570!-1,-1,18,-1
572!6,6,-1,0
573!-1,-1,18,-1
574!1,1,-1,0
580!-1,-1,3,-1
586!1,1,-1,0
589!4,4,-1,4
593!6,6,-1,0
598!2,2,-1,0
601!-1,-1,6,-1
603!-1,-1,9,-1
605!-1,-1,6,-1
606!-1,-1,9,-1
608!-1,-1,6,-1
609!-1,-1,10,-1
613!-1,-1,6,-1
615!1,1,-1,0
617!-1,-1,6,-1
620!-1,-1,6,-1
622!1,1,-1,0
623!-1,-1,17,-1
627!-1,-1,5,-1
629!-1,-1,6,-1
632!-1,-1,9,-1
633!-1,-1,9,-1
635!-1,-1,9,-1
637!-1,-1,18,-1
639!-1,-1,6,-1
642!-1,-1,6,-1
645!-1,-1,10,-1
647!-1,-1,17,-1
649!-1,-1,10,-1
654!-1,-1,6,-1
655!-1,-1,5,-1
660!-1,-1,17,-1
661!-1,-1,6,-1
664!-1,-1,17,-1
668!-1,-1,6,-1
672!-1,-1,9,-1
676!-1,-1,17,-1
677!-1,-1,9,-1
678!-1,-1,10,-1
679!-1,-1,6,-1
684!-1,-1,6,-1
687!-1,-1,6,-1
689!-1,-1,9,-1
691!-1,-1,18,-1
693!-1,-1,9,-1
695!-1,-1,6,-1
699!-1,-1,6,-1
702!-1,-1,6,-1
704!-1,-1,3,-1
705!-1,-1,18,-1
707!-1,-1,18,-1
712!-1,-1,6,-1
716!-1,-1,6,-1
717!-1,-1,9,-1
719!-1,-1,10,-1
721!-1,-1,9,-1
723!-1,-1,6,-1
726!-1,-1,6,-1
729!-1,-1,9,-1
733!-1,-1,17,-1
735!-1,-1,9,-1
737!-1,-1,10,-1
740!-1,-1,5,-1
742!-1,-1,3,-1
744!-1,-1,18,-1
746!-1,-1,10,-1
747!-1,-1,6,-1
749!-1,-1,9,-1
752!-1,-1,18,-1
755!-1,-1,18,-1
759!-1,-1,9,-1
761!-1,-1,3,-1
762!-1,-1,10,-1
764!-1,-1,6,-1
767!-1,-1,6,-1
770!-1,-1,5,-1
772!-1,-1,9,-1
775!-1,-1,6,-1
778!-1,-1,18,-1
781!-1,-1,9,-1
786!-1,-1,6,-1
789!-1,-1,6,-1
790!-1,-1,17,-1
791!-1,-1,9,-1
792!-1,-1,18,-1
795!-1,-1,6,-1
798!2,2,-1,0
801!6,6,18,0
802!-1,-1,3,-1
803!-1,-1,9,-1
804!-1,-1,9,-1
806!-1,-1,9,-1
807!1,1,-1,0
808!-1,-1,18,-1
811!-1,-1,6,-1
813!-1,-1,9,-1
820!-1,-1,6,-1
821!-1,-1,17,-1
826!-1,-1,9,-1
829!-1,-1,18,-1
855!-1,-1,3,-1
858!6,6,-1,0
863!-1,-1,5,-1
864!-1,-1,6,-1
865!2,2,-1,0
866!-1,-1,3,-1
867!-1,-1,10,-1
868!1,1,-1,0
869!-1,-1,3,-1
870!-1,-1,6,-1
871!-1,-1,3,-1
872!-1,-1,17,-1
874!-1,-1,6,-1
877!-1,-1,3,-1
879!1,1,-1,0
900!-1,-1,18,-1
910!6,6,-1,0
916!1,1,-1,0
918!-1,-1,3,-1
924!6,6,-1,0
930!1,1,-1,0
972!6,6,-1,0
976!1,4,-1,4
980!1,1,-1,0
983!1,1,-1,0
992!1,1,-1,0
1013!-1,-1,10,-1
1016!1,1,-1,0
1056!1,1,3,0