0!6,6,3,0
78!1,1,-1,0
83!6,6,-1,0
88!1,1,-1,0
93!6,6,-1,0
98!1,1,-1,0
99!6,6,-1,0
100!1,1,-1,0
101!6,6,-1,0
102!1,1,-1,0
103!6,6,-1,0
104!1,1,-1,0
105!6,6,-1,0
106!9,10,-1,0
111!1,1,-1,0
128!4,4,-1,0
132!1,1,-1,0
135!4,4,-1,0
139!1,1,-1,0
145!4,4,-1,0
150!1,1,-1,0
153!4,4,-1,0
158!1,1,-1,0
163!13,13,-1,2
170!1,1,-1,0
179!13,13,9,2
182!1,1,3,0
186!13,13,9,2
188!1,1,0,0
189!13,13,9,2
192!1,1,3,0
195!-1,-1,9,-1
196!6,6,-1,0
199!-1,-1,9,-1
201!1,1,-1,0
203!-1,-1,0,-1
204!-1,-1,9,-1
206!13,13,9,2
208!1,1,18,0
210!-1,-1,0,-1
211!13,13,6,2
212!-1,-1,0,-1
213!1,1,18,0
216!2,2,6,0
220!-1,-1,0,-1
222!-1,-1,6,-1
224!6,6,18,0
228!-1,-1,10,-1
232!2,2,6,0
242!1,4,-1,4
245!-1,-1,18,-1
246!1,1,3,0
253!-1,-1,9,-1
255!-1,-1,10,-1
257!-1,-1,18,-1
259!-1,-1,6,-1
262!-1,-1,9,-1
264!-1,-1,6,-1
267!-1,-1,0,-1
269!-1,-1,18,-1
273!-1,-1,9,-1
275!-1,-1,18,-1
277!-1,-1,18,-1
279!-1,-1,18,-1
282!-1,-1,6,-1
284!-1,-1,17,-1
286!-1,-1,6,-1
290!-1,-1,3,-1
295!-1,-1,6,-1
299!-1,-1,3,-1
302!-1,-1,6,-1
305!-1,-1,10,-1
307!-1,-1,9,-1
309!-1,-1,17,-1
312!1,4,9,4
314!-1,-1,6,-1
317!-1,-1,3,-1
321!9,10,-1,0
322!-1,-1,18,-1
323!-1,-1,0,-1
324!-1,-1,18,-1
326!-1,-1,10,-1
328!-1,-1,10,-1
331!4,4,6,0
333!-1,-1,18,-1
337!1,1,6,0
339!-1,-1,9,-1
342!-1,-1,6,-1
344!-1,-1,9,-1
346!4,4,6,2
348!-1,-1,9,-1
351!-1,-1,6,-1
353!-1,-1,3,-1
355!-1,-1,10,-1
356!1,1,-1,0
359!-1,-1,3,-1
362!-1,-1,10,-1
364!-1,-1,17,-1
366!-1,-1,9,-1
368!6,6,17,0
371!-1,-1,10,-1
373!-1,-1,9,-1
375!1,1,6,0
382!-1,-1,9,-1
387!-1,-1,3,-1
393!4,4,-1,4
395!-1,-1,6,-1
397!-1,-1,6,-1
399!-1,-1,10,-1
402!-1,-1,17,-1
406!-1,-1,18,-1
411!-1,-1,6,-1
413!-1,-1,17,-1
415!-1,-1,10,-1
417!-1,-1,6,-1
419!-1,-1,9,-1
421!-1,-1,0,-1
422!-1,-1,9,-1
424!-1,-1,9,-1
426!-1,-1,6,-1
428!-1,-1,9,-1
429!9,10,-1,0
434!1,1,3,0
437!11,11,9,0
442!1,1,3,0
444!4,4,9,0
446!-1,-1,17,-1
448!-1,-1,9,-1
451!-1,-1,17,-1
455!1,1,9,0
460!-1,-1,3,-1
464!2,2,10,0
466!-1,-1,6,-1
468!-1,-1,9,-1
473!-1,-1,10,-1
477!-1,-1,6,-1
479!-1,-1,18,-1
484!-1,-1,18,-1
488!-1,-1,6,-1
491!-1,-1,10,-1
493!-1,-1,6,-1
495!-1,-1,6,-1
497!-1,-1,9,-1
500!4,4,3,4
504!-1,-1,18,-1
506!-1,-1,18,-1
508!-1,-1,17,-1
510!-1,-1,0,-1
511!-1,-1,17,-1
515!1,1,9,0
517!-1,-1,6,-1
518!2,2,-1,0
523!1,1,-1,0
524!-1,-1,9,-1
528!-1,-1,3,-1
531!-1,-1,18,-1
533!-1,-1,18,-1
535!6,6,17,0
542!1,1,18,0
546!-1,-1,6,-1
548!-1,-1,17,-1
551!-1,-1,9,-1
553!6,6,17,0
559!1,1,18,0
566!-1,-1,17,-1
568!-1,-1,18,-1
571!-1,-1,6,-1
573!-1,-1,9,-1
574!-1,-1,18,-1
577!-1,-1,17,-1
582!-1,-1,6,-1
584!-1,-1,9,-1
586!2,2,18,0
594!-1,-1,3,-1
597!4,4,6,0
600!-1,-1,17,-1
602!-1,-1,9,-1
606!1,1,18,0
610!-1,-1,3,-1
624!-1,-1,6,-1
626!-1,-1,17,-1
628!-1,-1,9,-1
631!-1,-1,18,-1
633!4,4,10,0
635!-1,-1,18,-1
637!-1,-1,9,-1
640!-1,-1,3,-1
642!1,1,6,0
645!-1,-1,3,-1
648!-1,-1,6,-1
650!-1,-1,0,-1
651!-1,-1,6,-1
653!6,6,18,0
655!-1,-1,10,-1
657!-1,-1,6,-1
658!2,2,-1,0
668!1,4,-1,4
670!-1,-1,18,-1
672!1,1,3,0
677!-1,-1,10,-1
679!-1,-1,6,-1
681!-1,-1,0,-1
682!-1,-1,6,-1
684!-1,-1,10,-1
686!-1,-1,18,-1
691!-1,-1,9,-1
693!-1,-1,6,-1
695!-1,-1,9,-1
697!-1,-1,17,-1
702!-1,-1,18,-1
704!4,4,6,0
706!-1,-1,10,-1
708!-1,-1,17,-1
710!1,1,-1,0
711!-1,-1,10,-1
713!-1,-1,18,-1
715!-1,-1,9,-1
717!-1,-1,6,-1
719!-1,-1,9,-1
722!-1,-1,6,-1
726!-1,-1,10,-1
728!-1,-1,10,-1
733!-1,-1,9,-1
737!-1,-1,6,-1
739!-1,-1,6,-1
742!-1,-1,10,-1
744!-1,-1,17,-1
746!-1,-1,10,-1
748!6,6,18,0
750!-1,-1,0,-1
751!-1,-1,18,-1
753!1,1,18,0
757!6,6,18,0
761!-1,-1,0,-1
762!1,1,18,0
764!-1,-1,18,-1
768!4,4,18,2
773!-1,-1,6,-1
775!1,1,18,0
777!-1,-1,3,-1
779!-1,-1,6,-1
782!-1,-1,9,-1
784!-1,-1,3,-1
786!-1,-1,3,-1
790!-1,-1,9,-1
792!-1,-1,0,-1
793!-1,-1,9,-1
796!-1,-1,3,-1
799!-1,-1,9,-1
802!-1,-1,3,-1
804!-1,-1,9,-1
806!-1,-1,3,-1
808!-1,-1,9,-1
810!-1,-1,0,-1
811!-1,-1,9,-1
812!-1,-1,0,-1
813!-1,-1,18,-1
815!-1,-1,6,-1
817!-1,-1,18,-1
819!4,4,3,0
822!-1,-1,9,-1
824!-1,-1,6,-1
827!-1,-1,0,-1
828!1,1,6,0
833!-1,-1,17,-1
835!4,4,9,0
840!-1,-1,18,-1
843!1,1,3,0
846!2,2,9,0
851!-1,-1,18,-1
854!1,1,3,0
855!4,4,10,0
857!-1,-1,9,-1
859!-1,-1,6,-1
861!-1,-1,0,-1
862!-1,-1,6,-1
864!1,1,17,0
866!-1,-1,6,-1
868!-1,-1,18,-1
871!-1,-1,9,-1
873!4,4,0,0
875!-1,-1,18,-1
878!-1,-1,3,-1
879!-1,-1,18,-1
881!-1,-1,0,-1
882!4,1,18,4
885!-1,-1,0,-1
886!-1,-1,18,-1
889!1,1,3,0
891!-1,-1,18,-1
892!-1,-1,0,-1
893!-1,-1,18,-1
895!-1,-1,18,-1
899!-1,-1,6,-1
904!-1,-1,10,-1
907!6,6,6,0
911!1,1,18,0
914!-1,-1,0,-1
915!-1,-1,18,-1
917!6,6,6,0
919!-1,-1,9,-1
921!1,1,-1,0
922!-1,-1,18,-1
924!-1,-1,9,-1
926!-1,-1,17,-1
929!-1,-1,3,-1
933!-1,-1,6,-1
934!-1,-1,0,-1
935!-1,-1,6,-1
942!-1,-1,10,-1
945!-1,-1,3,-1
946!-1,-1,6,-1
950!-1,-1,0,-1
951!-1,-1,6,-1
953!-1,-1,18,-1
955!-1,-1,10,-1
957!-1,-1,6,-1
959!-1,-1,18,-1
960!-1,-1,0,-1
962!4,4,6,0
968!-1,-1,9,-1
971!-1,-1,17,-1
975!-1,-1,10,-1
977!1,1,6,0
980!-1,-1,0,-1
982!-1,-1,6,-1
985!-1,-1,0,-1
986!-1,-1,6,-1
988!6,6,18,0
991!-1,-1,10,-1
993!1,1,6,0
997!-1,-1,18,-1
998!4,1,-1,4
1012!1,1,3,0
1054!13,13,-1,2
1071!1,1,-1,0
1075!0,0,-1,0
1076!1,1,-1,0
1080!0,0,-1,0
1081!1,1,-1,0
1084!6,6,-1,0
1116!1,1,-1,0