0!1,1,3,0
66!1,1,-1,0
68!0,0,-1,0
69!1,1,-1,0
71!0,0,-1,0
72!1,1,-1,0
76!4,4,-1,0
77!-1,-1,15,-1
89!1,1,3,0
123!1,1,-1,0
124!0,0,-1,0
125!1,1,-1,0
132!0,0,0,0
135!2,2,5,0
145!4,4,16,2
146!-1,-1,9,-1
147!-1,-1,16,-1
148!-1,-1,9,-1
149!-1,-1,16,-1
150!-1,-1,9,-1
151!-1,-1,16,-1
152!-1,-1,9,-1
153!-1,-1,16,-1
154!-1,-1,9,-1
155!-1,-1,16,-1
156!-1,-1,9,-1
157!-1,-1,16,-1
158!-1,-1,9,-1
159!1,1,3,0
164!6,6,5,2
185!1,1,18,0
186!-1,-1,18,-1
188!-1,-1,18,-1
189!-1,-1,0,-1
190!-1,-1,18,-1
191!-1,-1,3,-1
192!-1,-1,18,-1
194!0,0,9,0
195!1,1,18,0
196!1,1,-1,0
197!-1,-1,10,-1
199!-1,-1,6,-1
201!-1,-1,17,-1
202!-1,-1,10,-1
204!-1,-1,18,-1
210!-1,-1,17,-1
211!0,0,-1,0
212!1,1,3,0
213!0,0,-1,0
214!1,1,10,0
217!4,4,6,2
219!-1,-1,16,-1
224!-1,-1,3,-1
233!1,1,-1,0
242!-1,-1,6,-1
244!-1,-1,17,-1
245!-1,-1,18,-1
247!13,13,17,2
249!-1,-1,9,-1
250!-1,-1,3,-1
251!-1,-1,6,-1
252!-1,-1,17,-1
254!-1,-1,9,-1
255!-1,-1,3,-1
256!-1,-1,6,-1
257!-1,-1,9,-1
258!-1,-1,3,-1
259!-1,-1,17,-1
260!-1,-1,9,-1
261!-1,-1,3,-1
262!-1,-1,9,-1
263!2,2,6,0
269!-1,-1,9,-1
270!-1,-1,18,-1
276!-1,-1,17,-1
289!6,6,3,0
297!1,1,6,0
298!-1,-1,0,-1
299!-1,-1,6,-1
300!-1,-1,0,-1
301!-1,-1,6,-1
302!-1,-1,6,-1
304!2,2,6,0
306!-1,-1,6,-1
308!-1,-1,6,-1
310!-1,-1,6,-1
311!-1,-1,18,-1
312!-1,-1,3,-1
313!-1,-1,18,-1
315!-1,-1,17,-1
317!11,11,9,0
319!-1,-1,6,-1
320!-1,-1,6,-1
322!-1,-1,17,-1
324!-1,-1,6,-1
326!-1,-1,9,-1
327!-1,-1,17,-1
329!-1,-1,18,-1
331!1,1,3,0
333!-1,-1,9,-1
335!-1,-1,18,-1
336!-1,-1,6,-1
338!-1,-1,9,-1
340!-1,-1,6,-1
342!-1,-1,10,-1
344!-1,-1,9,-1
345!-1,-1,17,-1
346!5,21,-1,0
347!4,4,10,2
348!11,11,-1,0
349!6,6,17,2
351!5,21,18,0
352!4,4,-1,2
353!11,11,-1,0
354!6,6,-1,2
355!2,2,-1,0
357!-1,-1,3,-1
360!1,1,3,0
361!-1,-1,6,-1
363!-1,-1,9,-1
365!-1,-1,18,-1
368!1,1,-1,0
369!0,0,18,0
370!1,1,-1,0
372!-1,-1,18,-1
374!-1,-1,9,-1
376!4,4,3,0
377!-1,-1,6,-1
379!-1,-1,10,-1
381!-1,-1,10,-1
383!1,1,3,0
385!-1,-1,18,-1
386!-1,-1,9,-1
388!-1,-1,18,-1
390!4,4,9,4
392!-1,-1,3,-1
394!-1,-1,9,-1
395!-1,-1,18,-1
397!-1,-1,3,-1
399!-1,-1,6,-1
401!-1,-1,3,-1
402!1,1,18,0
419!-1,-1,3,-1
420!4,4,-1,4
427!1,1,-1,0
433!6,6,-1,0
436!1,1,9,0
440!-1,-1,10,-1
444!-1,-1,6,-1
446!6,6,-1,0
447!-1,-1,10,-1
454!-1,-1,6,-1
461!-1,-1,18,-1
469!1,1,3,0
470!-1,-1,9,-1
472!-1,-1,17,-1
474!-1,-1,10,-1
476!6,6,9,0
479!-1,-1,6,-1
481!1,1,9,0
485!-1,-1,6,-1
488!-1,-1,6,-1
489!6,6,-1,0
494!-1,-1,3,-1
497!1,1,18,0
499!-1,-1,18,-1
501!-1,-1,18,-1
502!-1,-1,9,-1
505!4,1,-1,4
508!-1,-1,6,-1
510!1,1,17,0
512!1,4,-1,4
515!-1,-1,6,-1
517!-1,-1,18,-1
520!1,1,-1,0
522!-1,-1,17,-1
524!-1,-1,9,-1
527!-1,-1,6,-1
529!1,1,-1,0
531!1,1,-1,0
533!5,21,15,0
548!1,1,3,0
553!6,6,3,2
560!1,1,-1,0
561!-1,-1,17,-1
566!6,6,-1,0
569!1,1,3,0
573!6,6,-1,0
576!1,1,6,0
583!-1,-1,9,-1
584!6,6,-1,2
586!-1,-1,18,-1
587!-1,-1,3,-1
588!-1,-1,18,-1
589!1,1,-1,0
590!-1,-1,9,-1
594!-1,-1,18,-1
595!-1,-1,18,-1
599!-1,-1,17,-1
602!-1,-1,3,-1
611!-1,-1,9,-1
613!-1,-1,9,-1
614!-1,-1,0,-1
615!-1,-1,9,-1
617!-1,-1,18,-1
618!0,0,0,0
619!4,4,9,2
628!-1,-1,3,-1
630!-1,-1,16,-1
636!1,1,3,0
639!0,0,-1,0
640!1,1,6,0
642!-1,-1,6,-1
644!-1,-1,6,-1
645!-1,-1,18,-1
647!-1,-1,10,-1
651!1,1,6,0
652!-1,-1,6,-1
656!-1,-1,10,-1
658!-1,-1,18,-1
659!-1,-1,0,-1
660!-1,-1,18,-1
661!-1,-1,18,-1
663!-1,-1,18,-1
665!-1,-1,17,-1
667!-1,-1,0,-1
669!-1,-1,18,-1
670!-1,-1,6,-1
672!-1,-1,6,-1
674!-1,-1,10,-1
675!0,0,-1,0
676!4,1,-1,4
684!1,1,3,0
704!4,4,6,2
706!-1,-1,10,-1
708!-1,-1,6,-1
710!-1,-1,10,-1
713!-1,-1,3,-1
719!-1,-1,18,-1
720!-1,-1,3,-1
721!-1,-1,6,-1
722!-1,-1,6,-1
724!-1,-1,6,-1
726!-1,-1,9,-1
727!-1,-1,3,-1
730!1,1,-1,0
733!-1,-1,10,-1
735!-1,-1,9,-1
736!-1,-1,10,-1
738!-1,-1,9,-1
742!-1,-1,3,-1
747!-1,-1,6,-1
749!-1,-1,6,-1
751!-1,-1,6,-1
752!-1,-1,10,-1
756!-1,-1,3,-1
761!-1,-1,6,-1
763!-1,-1,6,-1
765!-1,-1,6,-1
767!-1,-1,6,-1
770!-1,-1,3,-1
776!-1,-1,9,-1
777!-1,-1,10,-1
779!-1,-1,6,-1
781!-1,-1,6,-1
783!0,0,-1,0
784!2,2,-1,0
785!0,0,3,0
786!2,2,-1,0
789!1,1,-1,0
790!-1,-1,10,-1
792!-1,-1,6,-1
794!-1,-1,18,-1
795!-1,-1,9,-1
799!-1,-1,3,-1
801!6,6,-1,0
804!1,1,6,0
806!-1,-1,17,-1
808!-1,-1,10,-1
810!-1,-1,18,-1
813!-1,-1,3,-1
819!11,11,9,0
820!-1,-1,6,-1
822!-1,-1,9,-1
824!-1,-1,6,-1
827!-1,-1,3,-1
833!4,4,6,2
835!-1,-1,6,-1
836!-1,-1,6,-1
838!-1,-1,10,-1
842!-1,-1,3,-1
847!6,6,6,2
849!-1,-1,18,-1
851!-1,-1,10,-1
852!-1,-1,17,-1
856!-1,-1,9,-1
858!-1,-1,17,-1
860!-1,-1,3,-1
862!-1,-1,6,-1
864!-1,-1,0,-1
865!-1,-1,17,-1
867!-1,-1,10,-1
870!-1,-1,3,-1
874!1,1,18,0
875!-1,-1,3,-1
876!-1,-1,6,-1
877!-1,-1,6,-1
879!-1,-1,6,-1
881!-1,-1,9,-1
885!-1,-1,17,-1
886!-1,-1,18,-1
888!-1,-1,6,-1
890!-1,-1,9,-1
892!-1,-1,18,-1
893!-1,-1,3,-1
894!-1,-1,6,-1
895!-1,-1,3,-1
896!-1,-1,6,-1
899!-1,-1,3,-1
902!-1,-1,6,-1
904!-1,-1,6,-1
906!-1,-1,6,-1
908!-1,-1,9,-1
911!-1,-1,17,-1
913!6,6,6,2
915!-1,-1,9,-1
917!-1,-1,18,-1
918!-1,-1,3,-1
919!-1,-1,9,-1
920!-1,-1,6,-1
922!-1,-1,17,-1
924!1,1,10,0
926!-1,-1,3,-1
934!1,4,5,4