4315!1,1,3,0
4381!1,1,-1,0
4383!0,0,-1,0
4384!1,1,-1,0
4386!0,0,-1,0
4387!1,1,-1,0
4391!4,4,-1,0
4392!-1,-1,15,-1
4404!1,1,3,0
4438!1,1,-1,0
4439!0,0,-1,0
4440!1,1,-1,0
4447!0,0,0,0
4450!2,2,5,0
4460!4,4,16,2
4461!-1,-1,9,-1
4462!-1,-1,16,-1
4463!-1,-1,9,-1
4464!-1,-1,16,-1
4465!-1,-1,9,-1
4466!-1,-1,16,-1
4467!-1,-1,9,-1
4468!-1,-1,16,-1
4469!-1,-1,9,-1
4470!-1,-1,16,-1
4471!-1,-1,9,-1
4472!-1,-1,16,-1
4473!-1,-1,9,-1
4474!1,1,3,0
4479!6,6,5,2
4500!1,1,18,0
4501!-1,-1,18,-1
4503!-1,-1,18,-1
4504!-1,-1,0,-1
4505!-1,-1,18,-1
4506!-1,-1,3,-1
4507!-1,-1,18,-1
4509!0,0,9,0
4510!1,1,18,0
4511!1,1,-1,0
4512!-1,-1,10,-1
4514!-1,-1,6,-1
4516!-1,-1,17,-1
4517!-1,-1,10,-1
4519!-1,-1,18,-1
4525!-1,-1,17,-1
4526!0,0,-1,0
4527!1,1,3,0
4528!0,0,-1,0
4529!1,1,10,0
4532!4,4,6,2
4534!-1,-1,16,-1
4539!-1,-1,3,-1
4548!1,1,-1,0
4557!-1,-1,6,-1
4559!-1,-1,17,-1
4560!-1,-1,18,-1
4562!13,13,17,2
4564!-1,-1,9,-1
4565!-1,-1,3,-1
4566!-1,-1,6,-1
4567!-1,-1,17,-1
4569!-1,-1,9,-1
4570!-1,-1,3,-1
4571!-1,-1,6,-1
4572!-1,-1,9,-1
4573!-1,-1,3,-1
4574!-1,-1,17,-1
4575!-1,-1,9,-1
4576!-1,-1,3,-1
4577!-1,-1,9,-1
4578!2,2,6,0
4584!-1,-1,9,-1
4585!-1,-1,18,-1
4591!-1,-1,17,-1
4604!6,6,3,0
4612!1,1,6,0
4613!-1,-1,0,-1
4614!-1,-1,6,-1
4615!-1,-1,0,-1
4616!-1,-1,6,-1
4617!-1,-1,6,-1
4619!2,2,6,0
4621!-1,-1,6,-1
4623!-1,-1,6,-1
4625!-1,-1,6,-1
4626!-1,-1,18,-1
4627!-1,-1,3,-1
4628!-1,-1,18,-1
4630!-1,-1,17,-1
4632!11,11,9,0
4634!-1,-1,6,-1
4635!-1,-1,6,-1
4637!-1,-1,17,-1
4639!-1,-1,6,-1
4641!-1,-1,9,-1
4642!-1,-1,17,-1
4644!-1,-1,18,-1
4646!1,1,3,0
4648!-1,-1,9,-1
4650!-1,-1,18,-1
4651!-1,-1,6,-1
4653!-1,-1,9,-1
4655!-1,-1,6,-1
4657!-1,-1,10,-1
4659!-1,-1,9,-1
4660!-1,-1,17,-1
4661!5,21,-1,0
4662!4,4,10,2
4663!11,11,-1,0
4664!6,6,17,2
4666!5,21,18,0
4667!4,4,-1,2
4668!11,11,-1,0
4669!6,6,-1,2
4670!2,2,-1,0
4672!-1,-1,3,-1
4675!1,1,3,0
4676!-1,-1,6,-1
4678!-1,-1,9,-1
4680!-1,-1,18,-1
4683!1,1,-1,0
4684!0,0,18,0
4685!1,1,-1,0
4687!-1,-1,18,-1
4689!-1,-1,9,-1
4691!4,4,3,0
4692!-1,-1,6,-1
4694!-1,-1,10,-1
4696!-1,-1,10,-1
4698!1,1,3,0
4700!-1,-1,18,-1
4701!-1,-1,9,-1
4703!-1,-1,18,-1
4705!4,4,9,4
4707!-1,-1,3,-1
4709!-1,-1,9,-1
4710!-1,-1,18,-1
4712!-1,-1,3,-1
4714!-1,-1,6,-1
4716!-1,-1,3,-1
4717!1,1,18,0
4734!-1,-1,3,-1
4735!4,4,-1,4
4742!1,1,-1,0
4748!6,6,-1,0
4751!1,1,9,0
4755!-1,-1,10,-1
4759!-1,-1,6,-1
4761!6,6,-1,0
4762!-1,-1,10,-1
4769!-1,-1,6,-1
4776!-1,-1,18,-1
4784!1,1,3,0
4785!-1,-1,9,-1
4787!-1,-1,17,-1
4789!-1,-1,10,-1
4791!6,6,9,0
4794!-1,-1,6,-1
4796!1,1,9,0
4800!-1,-1,6,-1
4803!-1,-1,6,-1
4804!6,6,-1,0
4809!-1,-1,3,-1
4812!1,1,18,0
4814!-1,-1,18,-1
4816!-1,-1,18,-1
4817!-1,-1,9,-1
4820!4,1,-1,4
4823!-1,-1,6,-1
4825!1,1,17,0
4827!1,4,-1,4
4830!-1,-1,6,-1
4832!-1,-1,18,-1
4835!1,1,-1,0
4837!-1,-1,17,-1
4839!-1,-1,9,-1
4842!-1,-1,6,-1
4844!1,1,-1,0
4846!1,1,-1,0
4848!5,21,15,0
4863!1,1,3,0
4868!6,6,3,2
4875!1,1,-1,0
4876!-1,-1,17,-1
4881!6,6,-1,0
4884!1,1,3,0
4888!6,6,-1,0
4891!1,1,6,0
4898!-1,-1,9,-1
4899!6,6,-1,2
4901!-1,-1,18,-1
4902!-1,-1,3,-1
4903!-1,-1,18,-1
4904!1,1,-1,0
4905!-1,-1,9,-1
4909!-1,-1,18,-1
4910!-1,-1,18,-1
4914!-1,-1,17,-1
4917!-1,-1,3,-1
4926!-1,-1,9,-1
4928!-1,-1,9,-1
4929!-1,-1,0,-1
4930!-1,-1,9,-1
4932!-1,-1,18,-1
4933!0,0,0,0
4934!4,4,9,2
4943!-1,-1,3,-1
4945!-1,-1,16,-1
4951!1,1,3,0
4954!0,0,-1,0
4955!1,1,6,0
4957!-1,-1,6,-1
4959!-1,-1,6,-1
4960!-1,-1,18,-1
4962!-1,-1,10,-1
4966!1,1,6,0
4967!-1,-1,6,-1
4971!-1,-1,10,-1
4973!-1,-1,18,-1
4974!-1,-1,0,-1
4975!-1,-1,18,-1
4976!-1,-1,18,-1
4978!-1,-1,18,-1
4980!-1,-1,17,-1
4982!-1,-1,0,-1
4984!-1,-1,18,-1
4985!-1,-1,6,-1
4987!-1,-1,6,-1
4989!-1,-1,10,-1
4990!0,0,-1,0
4991!4,1,-1,4
4999!1,1,3,0
5016!0,0,0,14
5029!0,0,0,15
5045!0,0,0,16
5059!4,4,9,4
5061!4,4,6,4
5066!4,4,18,4
5016!0,0,0,14
5029!0,0,0,15
5045!0,0,0,16
5059!4,4,9,4
5061!4,4,6,4
5066!4,4,18,4
5175!4,4,6,2
5177!-1,-1,10,-1
5179!-1,-1,6,-1
5181!-1,-1,10,-1
5184!-1,-1,3,-1
5190!-1,-1,18,-1
5191!-1,-1,3,-1
5192!-1,-1,6,-1
5193!-1,-1,6,-1
5195!-1,-1,6,-1
5197!-1,-1,9,-1
5198!-1,-1,3,-1
5201!1,1,-1,0
5204!-1,-1,10,-1
5206!-1,-1,9,-1
5207!-1,-1,10,-1
5209!-1,-1,9,-1
5213!-1,-1,3,-1
5218!-1,-1,6,-1
5220!-1,-1,6,-1
5222!-1,-1,6,-1
5223!-1,-1,10,-1
5227!-1,-1,3,-1
5232!-1,-1,6,-1
5234!-1,-1,6,-1
5236!-1,-1,6,-1
5238!-1,-1,6,-1
5241!-1,-1,3,-1
5247!-1,-1,9,-1
5248!-1,-1,10,-1
5250!-1,-1,6,-1
5252!-1,-1,6,-1
5254!0,0,-1,0
5255!2,2,-1,0
5256!0,0,3,0
5257!2,2,-1,0
5260!1,1,-1,0
5261!-1,-1,10,-1
5263!-1,-1,6,-1
5265!-1,-1,18,-1
5266!-1,-1,9,-1
5270!-1,-1,3,-1
5272!6,6,-1,0
5275!1,1,6,0
5277!-1,-1,17,-1
5279!-1,-1,10,-1
5281!-1,-1,18,-1
5284!-1,-1,3,-1
5290!11,11,9,0
5291!-1,-1,6,-1
5293!-1,-1,9,-1
5295!-1,-1,6,-1
5298!-1,-1,3,-1
5304!4,4,6,2
5306!-1,-1,6,-1
5307!-1,-1,6,-1
5309!-1,-1,10,-1
5313!-1,-1,3,-1
5318!6,6,6,2
5320!-1,-1,18,-1
5322!-1,-1,10,-1
5323!-1,-1,17,-1
5327!-1,-1,9,-1
5329!-1,-1,17,-1
5331!-1,-1,3,-1
5333!-1,-1,6,-1
5335!-1,-1,0,-1
5336!-1,-1,17,-1
5338!-1,-1,10,-1
5341!-1,-1,3,-1
5345!1,1,18,0
5346!-1,-1,3,-1
5347!-1,-1,6,-1
5348!-1,-1,6,-1
5350!-1,-1,6,-1
5352!-1,-1,9,-1
5356!-1,-1,17,-1
5357!-1,-1,18,-1
5359!-1,-1,6,-1
5361!-1,-1,9,-1
5363!-1,-1,18,-1
5364!-1,-1,3,-1
5365!-1,-1,6,-1
5366!-1,-1,3,-1
5367!-1,-1,6,-1
5370!-1,-1,3,-1
5373!-1,-1,6,-1
5375!-1,-1,6,-1
5377!-1,-1,6,-1
5379!-1,-1,9,-1
5382!-1,-1,17,-1
5384!6,6,6,2
5386!-1,-1,9,-1
5388!-1,-1,18,-1
5389!-1,-1,3,-1
5390!-1,-1,9,-1
5391!-1,-1,6,-1
5393!-1,-1,17,-1
5395!1,1,10,0
5397!-1,-1,3,-1
5405!1,4,5,4
5448!1,1,3,0
8699!6,6,3,0
8802!1,1,-1,0
8846!6,6,-1,0
8851!1,1,-1,0
8861!6,6,-1,0
8865!1,1,-1,0
8875!6,6,-1,0
8879!1,1,-1,0
8894!6,6,18,0
8898!1,1,-1,0
8902!-1,-1,3,-1
8920!2,2,-1,0
8927!1,4,-1,4
8930!2,2,-1,0
8934!1,1,-1,0
8936!-1,-1,5,-1
8938!-1,-1,10,-1
8941!-1,-1,18,-1
8942!-1,-1,9,-1
8944!1,1,-1,0
8946!-1,-1,6,-1
8948!-1,-1,17,-1
8950!-1,-1,6,-1
8952!-1,-1,10,-1
8955!-1,-1,18,-1
8956!-1,-1,9,-1
8960!-1,-1,6,-1
8962!-1,-1,17,-1
8964!-1,-1,6,-1
8968!-1,-1,9,-1
8971!-1,-1,6,-1
8973!-1,-1,6,-1
8978!-1,-1,9,-1
8982!-1,-1,9,-1
8983!-1,-1,6,-1
8987!-1,-1,6,-1
8990!-1,-1,6,-1
8995!-1,-1,18,-1
8999!-1,-1,18,-1
9003!-1,-1,18,-1
9004!-1,-1,10,-1
9005!-1,-1,6,-1
9006!-1,-1,6,-1
9009!-1,-1,10,-1
9011!-1,-1,6,-1
9013!-1,-1,17,-1
9017!-1,-1,6,-1
9018!-1,-1,9,-1
9036!2,2,-1,0
9038!-1,-1,3,-1
9040!6,6,-1,0
9042!2,2,-1,0
9048!1,1,-1,0
9051!6,6,-1,0
9067!1,1,-1,0
9135!-1,-1,6,-1
9136!-1,-1,6,-1
9138!-1,-1,9,-1
9140!-1,-1,17,-1
9141!-1,-1,6,-1
9143!-1,-1,6,-1
9145!-1,-1,3,-1
9147!-1,-1,6,-1
9149!-1,-1,9,-1
9151!-1,-1,3,-1
9152!-1,-1,17,-1
9156!-1,-1,6,-1
9159!-1,-1,3,-1
9166!6,6,-1,0
9171!1,1,-1,0
9173!6,6,-1,0
9178!1,1,-1,0
9220!-1,-1,3,-1
9221!-1,-1,6,-1
9223!-1,-1,17,-1
9225!-1,-1,6,-1
9226!-1,-1,9,-1
9227!-1,-1,18,-1
9231!-1,-1,3,-1
9235!-1,-1,6,-1
9237!-1,-1,17,-1
9239!-1,-1,6,-1
9240!-1,-1,9,-1
9241!-1,-1,18,-1
9248!-1,-1,3,-1
9258!6,6,-1,0
9266!1,1,-1,0
9267!-1,-1,6,-1
9269!-1,-1,18,-1
9271!6,6,-1,0
9272!-1,-1,18,-1
9273!1,1,-1,0
9279!-1,-1,3,-1
9285!1,1,-1,0
9288!4,4,-1,4
9292!6,6,-1,0
9297!2,2,-1,0
9300!-1,-1,6,-1
9302!-1,-1,9,-1
9304!-1,-1,6,-1
9305!-1,-1,9,-1
9307!-1,-1,6,-1
9308!-1,-1,10,-1
9312!-1,-1,6,-1
9314!1,1,-1,0
9316!-1,-1,6,-1
9319!-1,-1,6,-1
9321!1,1,-1,0
9322!-1,-1,17,-1
9326!-1,-1,5,-1
9328!-1,-1,6,-1
9331!-1,-1,9,-1
9332!-1,-1,9,-1
9334!-1,-1,9,-1
9336!-1,-1,18,-1
9338!-1,-1,6,-1
9341!-1,-1,6,-1
9344!-1,-1,10,-1
9346!-1,-1,17,-1
9348!-1,-1,10,-1
9353!-1,-1,6,-1
9354!-1,-1,5,-1
9359!-1,-1,17,-1
9360!-1,-1,6,-1
9363!-1,-1,17,-1
9367!-1,-1,6,-1
9371!-1,-1,9,-1
9375!-1,-1,17,-1
9376!-1,-1,9,-1
9377!-1,-1,10,-1
9378!-1,-1,6,-1
9383!-1,-1,6,-1
9386!-1,-1,6,-1
9388!-1,-1,9,-1
9390!-1,-1,18,-1
9392!-1,-1,9,-1
9394!-1,-1,6,-1
9398!-1,-1,6,-1
9401!-1,-1,6,-1
9403!-1,-1,3,-1
9404!-1,-1,18,-1
9406!-1,-1,18,-1
9411!-1,-1,6,-1
9415!-1,-1,6,-1
9416!-1,-1,9,-1
9418!-1,-1,10,-1
9420!-1,-1,9,-1
9422!-1,-1,6,-1
9425!-1,-1,6,-1
9428!-1,-1,9,-1
9432!-1,-1,17,-1
9434!-1,-1,9,-1
9436!-1,-1,10,-1
9439!-1,-1,5,-1
9441!-1,-1,3,-1
9443!-1,-1,18,-1
9445!-1,-1,10,-1
9446!-1,-1,6,-1
9448!-1,-1,9,-1
9451!-1,-1,18,-1
9454!-1,-1,18,-1
9458!-1,-1,9,-1
9460!-1,-1,3,-1
9461!-1,-1,10,-1
9463!-1,-1,6,-1
9466!-1,-1,6,-1
9469!-1,-1,5,-1
9471!-1,-1,9,-1
9474!-1,-1,6,-1
9477!-1,-1,18,-1
9480!-1,-1,9,-1
9485!-1,-1,6,-1
9488!-1,-1,6,-1
9489!-1,-1,17,-1
9490!-1,-1,9,-1
9491!-1,-1,18,-1
9494!-1,-1,6,-1
9497!2,2,-1,0
9500!6,6,18,0
9501!-1,-1,3,-1
9502!-1,-1,9,-1
9503!-1,-1,9,-1
9505!-1,-1,9,-1
9506!1,1,-1,0
9507!-1,-1,18,-1
9510!-1,-1,6,-1
9512!-1,-1,9,-1
9519!-1,-1,6,-1
9520!-1,-1,17,-1
9525!-1,-1,9,-1
9528!-1,-1,18,-1
9554!-1,-1,3,-1
9557!6,6,-1,0
9562!-1,-1,5,-1
9563!-1,-1,6,-1
9564!2,2,-1,0
9565!-1,-1,3,-1
9566!-1,-1,10,-1
9567!1,1,-1,0
9568!-1,-1,3,-1
9569!-1,-1,6,-1
9570!-1,-1,3,-1
9571!-1,-1,17,-1
9573!-1,-1,6,-1
9576!-1,-1,3,-1
9578!1,1,-1,0
9599!-1,-1,18,-1
9609!6,6,-1,0
9615!1,1,-1,0
9617!-1,-1,3,-1
9623!6,6,-1,0
9629!1,1,-1,0
9671!6,6,-1,0
9675!1,4,-1,4
9679!1,1,-1,0
9682!1,1,-1,0
9691!1,1,-1,0
9712!-1,-1,10,-1
9715!1,1,-1,0
9755!1,1,3,0