0!6,6,3,0
74!1,1,-1,0
92!6,6,-1,0
97!6,6,-1,0
104!-1,-1,5,-1
105!1,1,-1,0
112!-1,-1,3,-1
123!1,1,6,0
125!1,1,-1,0
128!1,1,-1,0
131!-1,-1,6,-1
132!1,1,-1,0
135!1,1,-1,0
138!-1,-1,9,-1
139!1,1,-1,0
140!1,1,-1,0
141!-1,-1,10,-1
143!1,1,-1,0
144!1,1,18,0
145!4,4,-1,4
148!1,1,-1,0
149!-1,-1,3,-1
151!6,6,-1,0
161!1,1,-1,0
172!-1,-1,6,-1
173!-1,-1,10,-1
175!-1,-1,6,-1
177!-1,-1,17,-1
179!-1,-1,6,-1
182!-1,-1,18,-1
184!-1,-1,10,-1
185!6,6,6,0
189!-1,-1,18,-1
191!-1,-1,9,-1
194!-1,-1,3,-1
195!-1,-1,17,-1
196!1,1,-1,0
197!-1,-1,9,-1
200!-1,-1,9,-1
201!6,6,-1,0
202!-1,-1,6,-1
204!-1,-1,17,-1
205!-1,-1,6,-1
209!-1,-1,18,-1
211!-1,-1,10,-1
212!1,1,6,0
215!-1,-1,6,-1
219!-1,-1,6,-1
221!-1,-1,9,-1
222!-1,-1,6,-1
224!-1,-1,9,-1
227!-1,-1,6,-1
230!-1,-1,18,-1
232!-1,-1,9,-1
235!-1,-1,6,-1
237!-1,-1,6,-1
239!-1,-1,6,-1
242!-1,-1,6,-1
244!-1,-1,10,-1
246!-1,-1,6,-1
250!-1,-1,9,-1
252!-1,-1,6,-1
254!-1,-1,9,-1
256!-1,-1,3,-1
257!-1,-1,17,-1
259!-1,-1,6,-1
262!-1,-1,17,-1
264!-1,-1,6,-1
269!-1,-1,9,-1
274!-1,-1,3,-1
278!-1,-1,3,-1
280!-1,-1,9,-1
282!-1,-1,17,-1
284!-1,-1,10,-1
285!-1,-1,6,-1
289!-1,-1,17,-1
290!-1,-1,9,-1
292!-1,-1,6,-1
295!-1,-1,6,-1
298!-1,-1,9,-1
302!-1,-1,6,-1
304!-1,-1,9,-1
307!-1,-1,6,-1
309!-1,-1,6,-1
310!-1,-1,6,-1
312!6,6,10,0
315!-1,-1,18,-1
317!-1,-1,6,-1
318!1,1,-1,0
319!-1,-1,9,-1
322!-1,-1,17,-1
327!-1,-1,6,-1
330!-1,-1,17,-1
332!-1,-1,9,-1
334!-1,-1,10,-1
335!-1,-1,18,-1
337!-1,-1,18,-1
339!6,6,6,0
342!-1,-1,9,-1
344!-1,-1,6,-1
345!1,1,6,0
347!-1,-1,6,-1
349!-1,-1,6,-1
350!-1,-1,9,-1
352!-1,-1,17,-1
355!-1,-1,3,-1
357!-1,-1,9,-1
358!-1,-1,18,-1
361!-1,-1,18,-1
363!-1,-1,18,-1
365!-1,-1,18,-1
369!-1,-1,18,-1
370!-1,-1,17,-1
375!-1,-1,6,-1
379!-1,-1,18,-1
382!-1,-1,17,-1
384!-1,-1,10,-1
385!-1,-1,6,-1
387!6,6,9,0
389!-1,-1,10,-1
391!-1,-1,3,-1
392!-1,-1,17,-1
394!1,1,-1,0
402!-1,-1,6,-1
404!-1,-1,6,-1
411!-1,-1,9,-1
415!-1,-1,10,-1
418!-1,-1,3,-1
419!-1,-1,17,-1
422!-1,-1,6,-1
424!-1,-1,17,-1
425!-1,-1,10,-1
427!-1,-1,17,-1
429!-1,-1,9,-1
430!-1,-1,6,-1
432!-1,-1,18,-1
435!-1,-1,18,-1
436!-1,-1,3,-1
437!-1,-1,6,-1
442!-1,-1,9,-1
444!-1,-1,6,-1
445!-1,-1,17,-1
452!-1,-1,10,-1
458!-1,-1,6,-1
463!-1,-1,17,-1
469!-1,-1,17,-1
471!6,6,-1,0
472!-1,-1,9,-1
475!-1,-1,9,-1
476!1,1,3,0
477!-1,-1,10,-1
479!-1,-1,6,-1
485!-1,-1,9,-1
490!-1,-1,6,-1
492!-1,-1,18,-1
494!-1,-1,9,-1
495!-1,-1,10,-1
497!-1,-1,3,-1
499!-1,-1,17,-1
509!-1,-1,6,-1
510!-1,-1,18,-1
522!-1,-1,9,-1
524!-1,-1,3,-1
525!-1,-1,17,-1
530!-1,-1,17,-1
532!-1,-1,9,-1
534!-1,-1,3,-1
535!-1,-1,6,-1
537!-1,-1,17,-1
547!-1,-1,6,-1
550!-1,-1,9,-1
552!-1,-1,10,-1
555!-1,-1,10,-1
559!-1,-1,9,-1
561!-1,-1,6,-1
562!6,6,-1,0
564!-1,-1,10,-1
566!-1,-1,6,-1
568!-1,-1,9,-1
572!-1,-1,17,-1
574!-1,-1,9,-1
577!-1,-1,6,-1
581!1,1,-1,0
593!-1,-1,3,-1
601!2,2,-1,0
602!-1,-1,10,-1
604!-1,-1,6,-1
607!-1,-1,10,-1
609!-1,-1,6,-1
610!-1,-1,10,-1
612!-1,-1,6,-1
613!6,6,-1,0
614!-1,-1,6,-1
615!-1,-1,17,-1
617!-1,-1,10,-1
618!-1,-1,18,-1
620!1,1,-1,0
622!1,1,-1,0
623!-1,-1,9,-1
630!-1,-1,18,-1
632!1,1,-1,0
634!-1,-1,18,-1
635!-1,-1,6,-1
637!-1,-1,10,-1
639!-1,-1,18,-1
640!-1,-1,6,-1
641!-1,-1,3,-1
642!-1,-1,18,-1
644!11,11,10,0
645!-1,-1,6,-1
647!-1,-1,9,-1
650!-1,-1,6,-1
653!1,1,9,0
654!6,6,-1,0
657!-1,-1,17,-1
660!1,1,6,0
662!-1,-1,9,-1
663!-1,-1,6,-1
665!4,4,17,4
667!2,2,-1,0
668!-1,-1,18,-1
672!-1,-1,17,-1
673!1,1,-1,0
674!-1,-1,6,-1
675!-1,-1,17,-1
677!-1,-1,17,-1
680!6,6,-1,0
682!-1,-1,9,-1
685!-1,-1,17,-1
686!1,1,-1,0
690!-1,-1,9,-1
692!-1,-1,18,-1
694!-1,-1,6,-1
697!-1,-1,18,-1
699!-1,-1,3,-1
700!-1,-1,18,-1
701!-1,-1,10,-1
702!-1,-1,6,-1
704!-1,-1,6,-1
705!-1,-1,9,-1
706!-1,-1,18,-1
708!-1,-1,10,-1
710!-1,-1,6,-1
713!-1,-1,10,-1
714!-1,-1,6,-1
716!-1,-1,10,-1
718!-1,-1,6,-1
719!-1,-1,6,-1
721!-1,-1,17,-1
723!-1,-1,10,-1
724!-1,-1,18,-1
728!-1,-1,9,-1
735!-1,-1,3,-1
737!-1,-1,9,-1
740!-1,-1,6,-1
742!-1,-1,6,-1
744!-1,-1,17,-1
745!-1,-1,6,-1
747!-1,-1,18,-1
749!-1,-1,9,-1
750!-1,-1,10,-1
752!-1,-1,6,-1
754!-1,-1,18,-1
756!-1,-1,9,-1
757!-1,-1,18,-1
764!-1,-1,9,-1
767!-1,-1,9,-1
769!-1,-1,17,-1
772!-1,-1,10,-1
773!-1,-1,6,-1
775!-1,-1,17,-1
777!6,6,-1,0
779!-1,-1,18,-1
780!-1,-1,18,-1
782!-1,-1,18,-1
784!-1,-1,6,-1
785!1,1,-1,0
788!-1,-1,6,-1
792!-1,-1,17,-1
795!-1,-1,6,-1
797!-1,-1,6,-1
799!-1,-1,10,-1
802!-1,-1,6,-1
803!-1,-1,18,-1
805!-1,-1,6,-1
807!-1,-1,6,-1
809!-1,-1,9,-1
810!-1,-1,6,-1
812!-1,-1,6,-1
813!-1,-1,6,-1
816!6,6,18,0
818!-1,-1,9,-1
822!-1,-1,18,-1
824!-1,-1,17,-1
831!1,1,-1,0
834!4,4,-1,4
836!-1,-1,3,-1
842!1,1,-1,0
845!6,6,-1,0
850!2,2,-1,0
854!6,6,-1,0
857!2,2,-1,0
863!1,1,-1,0
866!-1,-1,6,-1
867!6,6,6,0
869!-1,-1,3,-1
870!-1,-1,6,-1
872!-1,-1,17,-1
876!1,1,-1,0
899!-1,-1,3,-1
916!6,6,-1,0
928!1,1,-1,0
936!1,1,-1,0
967!1,1,-1,0