0!6,6,3,0
215!1,1,-1,0
232!6,6,-1,0
237!6,6,-1,0
244!-1,-1,5,-1
245!1,1,-1,0
252!-1,-1,3,-1
263!1,1,6,0
266!1,1,-1,0
270!6,6,-1,0
271!-1,-1,6,-1
272!1,1,-1,0
275!1,1,-1,0
278!-1,-1,9,-1
279!1,1,-1,0
281!-1,-1,10,-1
282!6,6,-1,0
284!-1,-1,6,-1
285!11,11,18,0
288!1,1,-1,0
290!-1,-1,3,-1
292!6,6,-1,0
301!1,1,-1,0
312!-1,-1,6,-1
314!-1,-1,10,-1
315!-1,-1,3,-1
316!-1,-1,6,-1
317!-1,-1,17,-1
319!-1,-1,6,-1
322!-1,-1,18,-1
324!-1,-1,10,-1
325!-1,-1,6,-1
326!6,6,-1,0
329!-1,-1,18,-1
332!-1,-1,9,-1
335!-1,-1,3,-1
336!1,1,17,0
337!-1,-1,9,-1
340!-1,-1,9,-1
341!6,6,-1,0
342!-1,-1,6,-1
344!-1,-1,17,-1
346!-1,-1,6,-1
349!-1,-1,18,-1
351!-1,-1,10,-1
352!-1,-1,6,-1
356!1,1,6,0
357!6,6,-1,0
359!-1,-1,6,-1
361!-1,-1,9,-1
362!-1,-1,6,-1
364!-1,-1,9,-1
367!-1,-1,6,-1
371!1,1,18,0
372!-1,-1,9,-1
376!-1,-1,6,-1
377!-1,-1,6,-1
379!-1,-1,6,-1
382!-1,-1,6,-1
385!-1,-1,10,-1
386!-1,-1,6,-1
391!-1,-1,9,-1
392!-1,-1,6,-1
394!-1,-1,9,-1
396!-1,-1,3,-1
397!-1,-1,17,-1
399!-1,-1,6,-1
402!-1,-1,17,-1
404!-1,-1,6,-1
409!-1,-1,9,-1
414!-1,-1,3,-1
419!-1,-1,3,-1
421!-1,-1,9,-1
422!-1,-1,17,-1
424!-1,-1,10,-1
426!-1,-1,6,-1
429!-1,-1,17,-1
431!-1,-1,9,-1
432!-1,-1,6,-1
436!-1,-1,6,-1
439!-1,-1,9,-1
442!-1,-1,6,-1
444!-1,-1,9,-1
447!-1,-1,6,-1
449!-1,-1,6,-1
451!-1,-1,6,-1
452!6,6,10,0
455!-1,-1,18,-1
457!-1,-1,6,-1
459!1,1,9,0
462!-1,-1,17,-1
468!-1,-1,6,-1
470!-1,-1,17,-1
472!-1,-1,9,-1
474!-1,-1,10,-1
476!-1,-1,18,-1
477!-1,-1,18,-1
479!6,6,6,0
482!-1,-1,9,-1
484!-1,-1,6,-1
485!1,1,6,0
487!-1,-1,6,-1
489!-1,-1,6,-1
491!-1,-1,9,-1
492!-1,-1,17,-1
495!-1,-1,3,-1
497!-1,-1,9,-1
499!-1,-1,18,-1
501!-1,-1,18,-1
503!-1,-1,18,-1
506!-1,-1,18,-1
509!-1,-1,18,-1
511!-1,-1,17,-1
516!-1,-1,6,-1
519!-1,-1,18,-1
522!-1,-1,17,-1
525!-1,-1,10,-1
526!-1,-1,6,-1
528!6,6,9,0
529!-1,-1,10,-1
531!-1,-1,3,-1
532!-1,-1,17,-1
534!1,1,-1,0
542!-1,-1,6,-1
544!-1,-1,6,-1
551!-1,-1,9,-1
555!-1,-1,10,-1
558!-1,-1,3,-1
559!-1,-1,17,-1
562!-1,-1,6,-1
564!-1,-1,17,-1
565!-1,-1,10,-1
567!-1,-1,17,-1
569!-1,-1,9,-1
571!-1,-1,6,-1
572!-1,-1,18,-1
576!-1,-1,18,-1
577!-1,-1,6,-1
582!-1,-1,9,-1
584!-1,-1,6,-1
586!-1,-1,17,-1
592!-1,-1,10,-1
598!-1,-1,6,-1
604!-1,-1,17,-1
609!-1,-1,17,-1
612!6,6,9,0
616!1,1,9,0
617!-1,-1,10,-1
620!-1,-1,6,-1
621!6,6,-1,0
626!1,1,9,0
630!-1,-1,6,-1
632!-1,-1,18,-1
634!-1,-1,9,-1
636!-1,-1,10,-1
638!-1,-1,3,-1
639!-1,-1,17,-1
649!-1,-1,6,-1
651!-1,-1,18,-1
662!-1,-1,9,-1
664!-1,-1,3,-1
665!6,6,-1,0
666!-1,-1,17,-1
671!-1,-1,17,-1
672!-1,-1,9,-1
674!1,1,3,0
676!-1,-1,6,-1
677!-1,-1,17,-1
687!-1,-1,6,-1
690!-1,-1,9,-1
692!-1,-1,10,-1
696!-1,-1,10,-1
699!-1,-1,9,-1
702!6,6,6,0
704!-1,-1,10,-1
706!-1,-1,6,-1
708!-1,-1,9,-1
712!-1,-1,17,-1
714!-1,-1,9,-1
717!-1,-1,6,-1
721!1,1,-1,0
733!-1,-1,3,-1
741!2,2,-1,0
742!-1,-1,10,-1
744!-1,-1,6,-1
747!-1,-1,10,-1
749!-1,-1,6,-1
751!-1,-1,10,-1
752!-1,-1,6,-1
753!6,6,-1,0
754!-1,-1,6,-1
756!-1,-1,17,-1
757!-1,-1,10,-1
759!-1,-1,18,-1
760!1,1,-1,0
762!1,1,-1,0
763!-1,-1,9,-1
771!-1,-1,18,-1
772!1,1,-1,0
774!-1,-1,18,-1
776!-1,-1,6,-1
777!-1,-1,10,-1
779!-1,-1,6,-1
780!-1,-1,18,-1
781!-1,-1,6,-1
782!-1,-1,18,-1
784!11,11,10,0
786!-1,-1,6,-1
787!-1,-1,9,-1
791!-1,-1,6,-1
793!1,1,-1,0
794!-1,-1,9,-1
795!6,6,-1,0
797!-1,-1,17,-1
800!1,1,-1,0
801!-1,-1,6,-1
802!-1,-1,9,-1
804!-1,-1,6,-1
805!4,4,-1,4
806!-1,-1,17,-1
808!2,2,-1,0
809!-1,-1,18,-1
812!-1,-1,17,-1
813!1,1,-1,0
814!-1,-1,6,-1
816!-1,-1,17,-1
817!-1,-1,17,-1
821!6,6,-1,0
822!-1,-1,9,-1
825!-1,-1,17,-1
827!1,1,-1,0
830!-1,-1,9,-1
832!-1,-1,18,-1
834!-1,-1,6,-1
837!-1,-1,18,-1
839!-1,-1,3,-1
841!-1,-1,18,-1
842!-1,-1,6,-1
844!-1,-1,6,-1
845!-1,-1,9,-1
846!-1,-1,18,-1
849!-1,-1,10,-1
850!-1,-1,6,-1
853!-1,-1,10,-1
855!-1,-1,6,-1
856!-1,-1,10,-1
858!-1,-1,6,-1
860!-1,-1,6,-1
861!-1,-1,17,-1
863!-1,-1,10,-1
864!-1,-1,18,-1
869!-1,-1,9,-1
875!-1,-1,3,-1
877!-1,-1,9,-1
881!-1,-1,6,-1
882!-1,-1,6,-1
884!-1,-1,17,-1
886!-1,-1,6,-1
887!-1,-1,18,-1
889!-1,-1,9,-1
891!-1,-1,10,-1
892!-1,-1,6,-1
894!-1,-1,18,-1
896!-1,-1,9,-1
898!-1,-1,18,-1
904!-1,-1,9,-1
907!-1,-1,9,-1
909!-1,-1,17,-1
912!-1,-1,10,-1
914!-1,-1,6,-1
916!-1,-1,17,-1
917!6,6,-1,0
919!-1,-1,18,-1
921!-1,-1,18,-1
922!-1,-1,18,-1
924!-1,-1,6,-1
926!1,1,-1,0
929!-1,-1,6,-1
932!-1,-1,17,-1
935!-1,-1,6,-1
937!-1,-1,9,-1
938!-1,-1,6,-1
939!-1,-1,10,-1
942!-1,-1,6,-1
944!-1,-1,18,-1
946!-1,-1,6,-1
947!-1,-1,6,-1
949!-1,-1,9,-1
951!-1,-1,6,-1
952!-1,-1,6,-1
954!-1,-1,6,-1
956!-1,-1,18,-1
957!6,6,-1,0
959!-1,-1,9,-1
962!-1,-1,18,-1
964!-1,-1,17,-1
971!1,1,-1,0
977!4,4,3,4
985!6,6,-1,0
990!2,2,-1,0
994!6,6,-1,0
996!4,1,-1,4
1004!1,1,-1,0
1007!6,6,6,0
1009!-1,-1,9,-1
1010!-1,-1,3,-1
1011!-1,-1,6,-1
1012!-1,-1,17,-1
1016!1,1,-1,0
1039!-1,-1,3,-1
1057!6,6,-1,0
1068!1,1,-1,0
1076!1,1,-1,0
1121!1,1,-1,0